latitude,longitude
34.44 , -86.48
34.42 , -86.46
26.82 , -80.78
26.91 , -80.07
25.58 , -80.1
25.73 , -80.16
25.76 , -80.11
26.3714 , -80.0853
26.09 , -80.07
26.07 , -79.95
26.82 , -80.78
26.5848 , -80.0683
26.8932 , -80.0562
26.94 , -80.07
26.9116 , -80.0734
26.6128 , -80.0362
26.77 , -80.02
26.24 , -80.25
26.298 , -80.267
26.286 , -80.238
32.3552 , -91.8766
32.3631 , -91.7386
32.3489 , -91.7791
32.42 , -91.58
31.97 , -91.39
33.17 , -91.94
33.1121 , -91.5059
33.24 , -91.37
33.2876 , -91.1533
33.3991 , -91.0691
33.4001 , -91.0006
33.48 , -90.99
33.4 , -90.9
33.7056 , -90.7245
33.7387 , -90.7141
33.08 , -90.53
33.492 , -90.3211
32.87 , -90.47
32.82 , -90.28
32.38 , -90.78
33.78 , -89.8
33.5067 , -89.9183
32.5946 , -90.3198
32.75 , -89.99
32.262 , -90.4419
32.3057 , -90.2207
32.4874 , -90.0497
32.52 , -89.99
32.7893 , -89.9895
32.79 , -89.84
32.171 , -90.3172
32.3821 , -90.0423
33.54 , -89.29
33.54 , -89.27
33.07 , -89.59
32.66 , -89.65
32.82 , -89.61
32.8344 , -89.4753
32.84 , -89.35
33.44 , -88.86
33.47 , -88.82
32.9201 , -89.2355
32.8705 , -89.094
32.84 , -89.0463
33.12 , -89.06
32.99 , -89.06
33.602 , -88.4711
31.6963 , -89.0998
32.02 , -89.52
31.87 , -89.73
32.3 , -89.13
32.07 , -89.26
33.73 , -89.05
33.66 , -90.52
35.49 , -85.01
36.37 , -84.13
36.5 , -84.51
35.8 , -84.27
36.36 , -83.71
35.73 , -84.79
36.46 , -83.58
35.07 , -85.26
36.21 , -83.3
36.15 , -83.43
36.12 , -83.49
35.45 , -84.6
36.53 , -82.5
36.69 , -83.12
36.71 , -81.97
29.6375 , -95.2825
29.782 , -95.3115
29.6412 , -95.268
29.6341 , -95.2684
29.6436 , -95.2491
29.6462 , -95.2492
29.4236 , -94.8897
37.4 , -84.42
37.42 , -84.42
37.52 , -84.32
37.48 , -84.32
37.85 , -83.86
38.9224 , -80.0888
38.9248 , -80.0954
38.9109 , -80.0954
38.959 , -80.8628
38.9196 , -80.6922
38.8785 , -80.7331
38.9004 , -80.8836
39.6586 , -81.8351
39.5687 , -81.739
39.5359 , -81.8111
39.6428 , -81.8839
40.8698 , -78.0281
40.4541 , -78.5475
40.907 , -77.4776
28.53 , -80.77
32.1196 , -96.3186
32.1307 , -96.3053
33.0015 , -95.3288
33.0092 , -95.316
32.83 , -97.25
32.82 , -97.15
32.7587 , -97.2142
32.97 , -97.13
32.7423 , -97.2137
32.95 , -96.9
32.9037 , -96.958
32.91 , -97
33.14 , -96.7
37.29 , -85.77
37.33 , -84.64
37.63 , -84.4
39.93 , -83.81
39.32 , -83.69
39.76 , -84.31
39.6232 , -84.2988
39.9373 , -84.2748
40.3343 , -84.0411
40 , -82.67
39.76 , -82.66
39.8 , -84.06
40.17 , -82.42
35.37 , -119
35.3715 , -119.0021
35.3726 , -119.0015
35.372 , -118.9991
35.3802 , -119.0204
35.3799 , -119.0204
35.38 , -119.0192
35.3801 , -119.0192
35.3702 , -119.0204
35.37 , -119.0204
35.37 , -119.0198
35.3702 , -119.0198
34.8426 , -119.083
34.8372 , -119.0836
34.8385 , -119.0891
34.8439 , -119.0873
35.3102 , -117.9575
35.3367 , -117.9592
35.3642 , -117.908
35.3451 , -117.8988
39.5749 , -81.4451
39.4124 , -81.4186
39.3953 , -81.2505
39.5651 , -81.1126
39.3129 , -81.0936
46.395 , -116.1816
39.319 , -81.0561
39.3395 , -81.0281
39.3316 , -80.9565
39.2908 , -80.9706
39.2823 , -81.0867
39.3716 , -80.9888
39.3986 , -80.9224
39.3447 , -80.861
39.4409 , -80.7203
39.5685 , -80.8862
39.494 , -81.0191
39.2576 , -81.5675
39.2916 , -81.5485
39.3306 , -81.5519
39.4044 , -81.4513
39.3328 , -81.3744
39.259 , -81.4732
38.7666 , -79.9554
38.7532 , -79.9196
38.7088 , -79.9458
38.635 , -79.9581
38.6452 , -80.0081
38.7228 , -79.988
38.9172 , -80.09
21.3359 , -157.7252
48.8305 , -117.3944
48.8303 , -117.392
48.8315 , -117.3918
48.8315 , -117.3937
47.83 , -117.2
47.8308 , -117.2017
47.8311 , -117.2011
47.8307 , -117.2002
38.2401 , -122.6508
37.2987 , -122.0438
38.2397 , -122.6298
38.45 , -122.7
40.7507 , -124.1932
40.8081 , -124.1631
34.6025 , -76.5337
35.1192 , -76.0006
35.9101 , -75.5954
35.0176 , -76.3152
35.4256 , -75.8349
35.7949 , -75.5465
35.5667 , -75.4816
35.3473 , -75.4998
35.2468 , -75.6265
35.2656 , -75.5479
37.3017 , -121.8146
37.3014 , -121.8147
37.3016 , -121.8149
37.3018 , -121.8148
37.01 , -121.58
38.4089 , -122.9841
38.2577 , -122.7151
37.159 , -121.65
38.23 , -122.6116
37.2721 , -121.88
37.8503 , -122.4904
37.01 , -121.5803
37.6688 , -121.8553
37.8905 , -122.0598
37.8903 , -122.0593
37.89 , -122.0595
37.9326 , -122.3253
37.9326 , -122.3257
37.9325 , -122.3256
37.9325 , -122.3254
37.9255 , -122.5119
37.9257 , -122.5107
37.9251 , -122.5106
37.9252 , -122.5112
37.2948 , -121.938
37.2945 , -121.9388
37.2942 , -121.9385
37.2945 , -121.9382
37.1422 , -122.1874
37.142 , -122.1862
37.1416 , -122.1866
37.1418 , -122.1874
38.5023 , -122.9955
38.5024 , -122.9952
38.5027 , -122.9953
38.5026 , -122.9955
38.3437 , -122.4057
38.3435 , -122.4048
38.3434 , -122.4052
38.3435 , -122.4057
20.2472 , -155.8356
19.2961 , -155.2094
20.2161 , -155.8246
19.3065 , -155.3192
21.9076 , -159.4144
22.1698 , -159.4089
19.998 , -155.2945
19.5448 , -155.116
21.5138 , -158.083
21.3483 , -157.7184
20.7883 , -156.4522
20.6593 , -156.091
21.4738 , -158.118
32.59 , -90.31
32.64 , -89.26
32.6559 , -89.273
32.6494 , -89.2775
32.6372 , -89.2663
32.35 , -90.01
32.1824 , -90.1648
32.1208 , -90.1263
32.3193 , -89.9094
33.16 , -88.99
32.9833 , -89.3883
33.05 , -89.35
32.8071 , -89.9151
32.3963 , -88.9137
32.4138 , -88.7795
32.41 , -88.71
41.757 , -81.2082
41.7639 , -81.2398
41.7588 , -81.2762
41.7611 , -81.2861
41.7296 , -81.2875
41.63 , -80.15
41.7806 , -80.0574
41.8021 , -80.1082
41.6341 , -80.2387
41.5602 , -80.1727
41.5787 , -80.0546
38.17 , -82.67
38.44 , -82.63
38.56 , -82.43
39.6449 , -81.8742
39.6549 , -81.8475
39.5613 , -81.7609
39.5465 , -81.8001
36.1081 , -115.0474
32.68 , -91.45
32.86 , -91.22
32.71 , -91.14
36.1081 , -115.047
36.1078 , -115.047
36.1079 , -115.0475
36.7035 , -114.6741
36.7052 , -114.6656
36.7073 , -114.6686
36.7048 , -114.6746
36.2183 , -115.0936
36.2162 , -115.0932
36.2175 , -115.0627
36.2187 , -115.0627
36.2985 , -116.812
36.6043 , -116.9804
36.6055 , -116.9829
36.5928 , -116.9974
36.2854 , -116.827
41.91 , -78.66
41.9201 , -78.654
41.9116 , -78.6104
41.894 , -78.6195
35.1 , -95.1
35.0823 , -94.2695
35.1407 , -94.2124
35.3909 , -93.9501
35.4397 , -93.9022
35.1688 , -94.2074
35.3512 , -93.9673
37.8253 , -122.2656
37.8253 , -122.2654
37.8251 , -122.2655
37.8251 , -122.2656
37.7733 , -122.4078
37.7733 , -122.4079
37.7732 , -122.4079
37.7732 , -122.4078
37.7503 , -122.3918
37.7505 , -122.3924
37.7501 , -122.3924
37.7501 , -122.3921
37.9067 , -122.0702
37.9071 , -122.0703
37.907 , -122.0706
40.2 , -82.47
39.07 , -84.7
35.25 , -75.53
35.26 , -75.56
35.3473 , -75.4999
35.2473 , -75.629
39.33 , -121.4
32.931 , -95.5637
32.87 , -95.54
32.9599 , -95.3051
32.9641 , -95.2989
33.1583 , -94.9696
33.1942 , -94.9511
33.2159 , -95.0737
33.263 , -95.0346
33.4474 , -94.6484
33.5266 , -94.571
33.5655 , -94.5114
33.57 , -94.5037
32.12 , -94.94
33.6222 , -94.4294
33.6864 , -94.3512
37.0474 , -93.8293
37.0659 , -93.8213
37.41 , -92.6
37.29 , -92.5
37.79 , -92.33
36.96 , -92.31
44.9708 , -74.6716
44.9839 , -74.6577
44.9802 , -74.6474
44.9702 , -74.6651
44.9815 , -74.4943
32.61 , -91.18
32.7734 , -91.8756
32.86 , -91.82
32.8986 , -91.7988
37.9067 , -122.0704
36.6587 , -121.6911
36.6591 , -121.6919
36.6587 , -121.6923
36.6585 , -121.6918
37.7497 , -122.403
37.7497 , -122.4034
37.7495 , -122.4034
37.7495 , -122.4031
36.9886 , -122.0027
36.9888 , -122.003
36.9886 , -122.0033
36.9885 , -122.0031
36.7662 , -121.7499
36.7662 , -121.7495
36.7661 , -121.7496
36.7661 , -121.7498
37.328 , -121.8714
37.3278 , -121.8716
37.328 , -121.8717
37.328 , -121.8716
37.8634 , -122.0345
37.8633 , -122.0348
37.8636 , -122.0352
37.8637 , -122.0347
32.74 , -91.42
32.7704 , -91.927
44.9949 , -74.5082
44.9971 , -74.4977
44.9884 , -74.4897
44.6357 , -72.6839
44.6364 , -72.6828
44.6359 , -72.6812
44.6353 , -72.6818
44.6354 , -72.6826
44.8968 , -73.1175
44.9063 , -73.1341
44.9342 , -73.1359
44.9379 , -73.1227
41.2815 , -82.6007
41.2984 , -82.6291
41.3272 , -82.5916
41.3253 , -82.5767
41.47 , -81.85
41.4885 , -81.8423
41.4918 , -81.8257
41.4564 , -81.8128
40.95 , -83.21
40.9556 , -83.3196
41.0146 , -83.2259
41.0012 , -83.1487
41.73 , -81.25
37.37 , -82.54
36.77 , -83.17
37.33 , -85.54
37.41 , -85.34
37.13 , -82.75
37.1429 , -82.7431
37.55 , -85.7
37.33 , -85.54
37.54 , -84.53
37.39 , -84.67
37.89 , -122.06
36.8342 , -83.3554
37.7653 , -82.7473
37.29 , -82.51
37.43 , -84
36.8275 , -83.1367
36.97 , -82.98
37.54 , -86.29
37.48 , -86.29
36.9045 , -83.521
36.9205 , -83.5155
37.13 , -83.28
37.1183 , -83.43
36.72 , -86.58
36.96 , -85.95
37.633 , -84.8798
37.74 , -84.12
37.5605 , -82.5906
31.92 , -91.46
32.38 , -91.9
37.1372 , -83.0097
36.9715 , -83.394
37.7663 , -82.7639
37.5756 , -83.4476
37.36 , -82.42
37.36 , -82.41
37.57 , -85.73
36.9596 , -82.9152
36.6051 , -83.6681
37.57 , -86.05
37.1308 , -83.0185
37.7731 , -82.7652
37.7739 , -82.7494
37.1518 , -83.3715
37.18 , -83.3
37.5245 , -82.7571
38.39 , -84.54
37.61 , -84.77
36.7922 , -83.7468
37.6 , -85.91
37.57 , -85.59
36.6 , -83.7741
36.9201 , -83.5379
36.9039 , -83.5451
37.64 , -85.4
37.5 , -85.14
37.5629 , -82.6258
37.89 , -83.24
37.131 , -83.0097
36.72 , -84.48
36.9927 , -84.0093
37.68 , -82.82
36.7235 , -83.6238
37.37 , -83.11
37.3 , -82.9
37.2 , -86.27
37.28 , -86.28
37.1362 , -83.0201
37.62 , -84.87
37.99 , -83.09
37.79 , -83
36.94 , -84.11
36.94 , -84.01
34.39 , -86.42
36.7495 , -83.6545
37.52 , -85.89
40.8069 , -124.1639
37.5839 , -83.3515
37.18 , -83.15
37.79 , -85.98
37.5592 , -83.6835
37.5627 , -83.72
37.77 , -86.43
37.48 , -86.85
37.72 , -83.06
37.1738 , -83.4185
37.6327 , -84.8731
37.81 , -85.98
36.9689 , -83.0016
37.54 , -85.94
37.29 , -86.29
37.1734 , -83.2908
37.5201 , -86.3349
37.4688 , -83.4281
37.58 , -83.72
37.4799 , -83.3027
37.38 , -85.9
37.57 , -85.55
37.1405 , -82.7303
37.1331 , -82.7337
38.49 , -84.44
36.979 , -82.9967
37.54 , -85.88
37.58 , -85.89
36.86 , -83.36
37.48 , -84.96
37.1807 , -84.6141
37.1927 , -84.5747

37.1774 , -84.5664
37.168 , -84.6038
36.67 , -84.3561
36.6795 , -84.3072
36.661 , -84.2948
36.6521 , -84.3404
36.87 , -83.88
36.8598 , -83.8928
36.8524 , -83.8789
36.864 , -83.8672
37.18 , -83.3
37.1551 , -83.2811
37.1583 , -83.3288
37.1777 , -83.3274
37.4076 , -82.52
37.3838 , -82.5558
37.3747 , -82.5107
37.4048 , -82.4909
37.48 , -82.52
37.4806 , -82.491
37.473 , -82.4884
37.4723 , -82.517
37.2807 , -83.2386
37.2809 , -83.171
37.255 , -83.1747
37.2573 , -83.2369
37.5834 , -82.777
37.5869 , -82.7451
37.5742 , -82.7391
37.5697 , -82.7721
37.5945 , -82.6531
37.5959 , -82.6324
37.5831 , -82.6327
37.5812 , -82.6518
37.5834 , -82.627
37.5848 , -82.5933
37.5772 , -83.6846
37.36 , -85.46
36.8794 , -83.1835
37.78 , -86.35
37.53 , -86.34
36.9401 , -83.8531
36.9779 , -82.9806
36.9755 , -82.9367
37.55 , -85.78
36.86 , -83.2
37.42 , -82.8
37.31 , -82.7
37.14 , -82.76
37.29 , -86.28
36.9687 , -82.9083
37.44 , -86.17
36.964 , -82.9381
37.58 , -85.71
48.52 , -120.1936
48.521 , -120.1926
48.8234 , -119.6392
48.8228 , -119.6323
42.9476 , -87.8966
32.5 , -91.8467
34.32 , -90.45
34.452 , -89.4501
34.4462 , -89.4618
34.3862 , -89.4628
48.16 , -119.8
48.1592 , -119.8
25.22 , -80.21
32.8462 , -116.8858
32.862 , -116.9076
42.7589 , -87.8205
30.76 , -93.89
30.7671 , -93.892
41.7224 , -73.4869
41.7196 , -73.4771
41.6799 , -73.5015
41.6788 , -73.5178
43.5264 , -73.8248
43.5277 , -73.8196
43.52 , -73.8166
43.5086 , -73.8121
43.5078 , -73.8176
35.243 , -82.636
35.238 , -82.631
35.227 , -82.639
35.232 , -82.643
38.2 , -78.36
38.56 , -76.41
44.3177 , -69.7826
44.3183 , -69.7674
44.2771 , -69.7826
44.278 , -69.8005
44.47 , -69.68
44.4726 , -69.6884
44.4625 , -69.6911
44.462 , -69.6801
40.9973 , -74.1119
40.9979 , -74.1135
40.9985 , -74.1129
40.998 , -74.1116
41.1418 , -74.1162
41.1405 , -74.1177
41.1397 , -74.1163
41.1406 , -74.1153
47.77 , -89.22
47.18 , -87.23
34.4421 , -119.5952
34.4435 , -119.6485
34.416 , -119.6422
34.4193 , -119.6121
34.0879 , -117.9864
34.0815 , -117.9953
34.196 , -118.2963
34.1951 , -118.296
43.8615 , -91.2103
43.8568 , -91.2164
43.8377 , -91.2184
43.8368 , -91.2161
43.8583 , -91.2106
43.8602 , -91.198
43.8616 , -91.1989
43.8615 , -91.2103
43.8568 , -91.2164
43.8377 , -91.2184
43.8368 , -91.2161
43.8583 , -91.2106
43.8602 , -91.198
43.8616 , -91.1989
42.7225 , -90.8137
42.7226 , -90.8169
42.7217 , -90.8193
42.7209 , -90.8176
42.7215 , -90.8149
42.7191 , -90.814
42.7193 , -90.8129
42.7211 , -90.8135
42.7381 , -90.6433
42.7255 , -90.6306
42.7138 , -90.6313
42.7141 , -90.6338
42.7226 , -90.6344
42.7384 , -90.6475
42.845 , -91.4043
42.8429 , -91.398
42.843 , -91.3965
42.8425 , -91.3962
48.5207 , -120.1909
48.82 , -119.63
48.8177 , -119.6307
34.1994 , -88.9249
34.2075 , -88.9024
34.4853 , -88.5361
32.499 , -91.6771
34.3871 , -89.4548
34.4 , -88.87
43.0973 , -75.636
43.1093 , -75.6526
43.1032 , -75.6647
42.2879 , -74.9063
42.2861 , -74.9005
42.2652 , -74.9143
42.2697 , -74.9245
42.22 , -77.19
42.2277 , -77.1766
42.1895 , -77.1483
42.186 , -77.1693
41.5 , -74.56
41.505 , -74.5573
41.5059 , -74.562
41.5014 , -74.5636
43.45 , -75.22
43.4479 , -75.2281
43.4354 , -75.2107
43.4446 , -75.1968
42.17 , -74.61
42.1706 , -74.6136
42.1627 , -74.6209
42.1611 , -74.6161
42.1669 , -74.6094
41.98 , -75.12
41.9916 , -75.1445
41.9994 , -75.1248
41.9877 , -75.0913
41.9873 , -75.0648
41.9734 , -75.0822
43.2062 , -75.7298
43.1831 , -75.7291
43.2389 , -75.6143
43.2771 , -75.5982
43.3032 , -75.6372
41.3571 , -75.7447
41.3435 , -75.7512
41.3416 , -75.7402
41.3566 , -75.7353
41.2623 , -75.914
41.2508 , -75.916
41.2506 , -75.9057
41.2642 , -75.9004
41.4405 , -75.6657
41.4221 , -75.6456
41.3984 , -75.6446
41.395 , -75.6781
41.4029 , -75.6993
41.54 , -75.74
41.5402 , -75.7471
41.5302 , -75.7443
41.5316 , -75.7274
41.5401 , -75.7309
41.3572 , -75.7972
41.3556 , -75.8057
41.342 , -75.7932
41.3473 , -75.7727
41.355 , -75.784
41.63 , -75.79
41.62 , -75.7691
41.5874 , -75.8274
41.5415 , -75.8954
41.5776 , -75.9071
41.3 , -75.8707
41.2799 , -75.8609
41.3169 , -75.7787
41.3388 , -75.7798
41.3434 , -75.812
29.95 , -90.1
42.9575 , -73.4347
42.9582 , -73.4334
42.9588 , -73.4306
42.9594 , -73.4304
42.9591 , -73.4332
42.9583 , -73.4348
42.9538 , -73.4348
42.9574 , -73.4347
42.9586 , -73.4315
42.9544 , -73.4316
42.9542 , -73.4345
42.9576 , -73.4345
42.9586 , -73.432
42.9543 , -73.4323
42.9578 , -73.4344
42.9584 , -73.4333
42.9588 , -73.4306
42.9594 , -73.4303
42.9592 , -73.4329
42.9584 , -73.4345
43.4903 , -73.7858
43.4634 , -73.8421
43.4743 , -73.8548
43.4985 , -73.8121
43.5905 , -73.8761
43.5913 , -73.8516
42.8185 , -73.9465
34.5447 , -88.9238
34.5578 , -88.8051
34.4026 , -88.8783
34.927 , -88.5782
40.3172 , -80.2141
40.3246 , -80.2102
40.3787 , -80.2309
40.3737 , -80.2465
40.3624 , -80.2437
40.3716 , -80.2153
40.3789 , -80.2202
40.25 , -79.96
40.2592 , -79.9277
40.253 , -79.917
40.2438 , -79.9506
39.77 , -80.94
39.7707 , -80.9606
39.7528 , -80.9609
39.7547 , -80.926
40.0209 , -81.1796
40.0197 , -81.1438
40.0556 , -81.1419
40.0529 , -81.1712
39.9 , -81.14
39.8895 , -81.146
39.89 , -81.13
39.8998 , -81.1302
39.8652 , -80.7976
39.869 , -80.8001
39.8631 , -80.8222
39.8586 , -80.8047
39.83 , -80.57
39.8321 , -80.5841
39.826 , -80.5894
39.8245 , -80.5675
40.08 , -80.7
40.0822 , -80.7233
40.0599 , -80.7155
40.064 , -80.6954
40.4 , -80.55
40.4147 , -80.5318
40.4201 , -80.5516
40.4023 , -80.5713
40.2196 , -80.5669
40.2008 , -80.5894
40.1949 , -80.5407
40.212 , -80.5408
39.632 , -77.8373
39.6274 , -77.8387
39.6272 , -77.8364
39.6325 , -77.8353
29.85 , -81.27
29.66 , -81.21
32.501 , -79.099
36.67 , -78.39
36.96 , -78.27
37.17 , -78.12
37.34 , -78.11
37.41 , -78.05
37.15 , -77.73
37.52 , -77.79
37.57 , -77.78
37.41 , -77.61
37.5 , -77.55
37.03 , -77.41
42.8417 , -91.3994
42.8434 , -91.404
42.8445 , -91.4052
43.427 , -92.0043
43.4269 , -92.0024
43.428 , -92.0011
43.4277 , -92.0009
43.4265 , -92.0023
43.4265 , -92.0043
43.4622 , -92.0278
43.4647 , -92.0295
43.4679 , -92.0302
43.4707 , -92.0273
43.4701 , -92.0267
43.4679 , -92.029
43.4648 , -92.0287
43.4624 , -92.0269
43.2847 , -92.0227
43.2846 , -92.0222
43.2844 , -92.0223
43.2844 , -92.0227
40.65 , -89.67
39.96 , -89.69
40.02 , -89.85
39.87 , -89.92
40.0405 , -89.8767
39.72 , -89.92
36.6752 , -79.4313
41.53 , -89.28
30.4135 , -91.18
30.3563 , -91.1951
30.3464 , -91.0382
30.4221 , -90.979
30.3904 , -91.1188
30.3987 , -91.1088
30.4026 , -91.1179
30.3948 , -91.1311
30.5524 , -91.055
48.9283 , -119.3011
48.8189 , -119.6398
33.1807 , -100.1933
33.4505 , -101.6255
42.3177 , -77.3107
42.3372 , -77.2993
42.3748 , -77.345
43.0811 , -75.637
42.8199 , -73.9429
42.8211 , -73.944
42.8197 , -73.9475
43.01 , -75.04
43.0079 , -75.0412
43.0085 , -75.0428
43.0102 , -75.0407
42.5593 , -73.5162
42.5572 , -73.5099
42.5553 , -73.5108
42.5577 , -73.5177
43.2589 , -74.2327
43.3361 , -74.2769
43.3828 , -74.3248
43.389 , -74.2747
43.2611 , -74.2016
43.2449 , -74.201
43.2322 , -74.193
43.2336 , -74.1858
43.2458 , -74.1923
31.1894 , -93.3413
31.1895 , -93.3407
30.86 , -93.4
31.11 , -92.24
29.9647 , -93.8538
29.8388 , -93.9654
29.7844 , -94.3295
29.872 , -94.3196
30.0071 , -93.9866
30.06 , -93.8
30.1354 , -93.599
30.2231 , -93.608
30.2621 , -93.1393
30.1775 , -93.1615
30.0344 , -91.9663
30.0544 , -91.931
30.011 , -91.7893
29.962 , -91.8273
29.9461 , -92.1587
29.9843 , -92.1546
29.9472 , -92.1575
29.9839 , -92.155
30.0353 , -91.9657
30.053 , -91.9294
30.0131 , -91.7984
29.9589 , -91.8207
31.74 , -89.48
31.78 , -89.4
31.78 , -89.4
31.79 , -89.37
31.63 , -90.49
41.6838 , -73.5118
41.6821 , -73.5027
41.7171 , -73.48
41.7232 , -73.4828
41.7295 , -73.4773
41.7309 , -73.485
41.8397 , -73.1228
41.8355 , -73.1214
41.8356 , -73.1166
41.8401 , -73.1185
42.0368 , -73.2977
42.0351 , -73.2973
42.038 , -73.2905
42.0401 , -73.2926
43.0176 , -72.5562
43.0058 , -72.5447
43.0051 , -72.5474
43.0162 , -72.5581
43.0836 , -72.756
43.0818 , -72.7543
43.0828 , -72.752
43.0843 , -72.7542
43.1015 , -72.8479
43.0974 , -72.8233
43.0905 , -72.8172
43.0868 , -72.8187
43.0965 , -72.8475
43.1014 , -73.2604
43.1097 , -73.2585
43.1052 , -73.2006
43.0877 , -73.1803
43.0799 , -73.1549
43.07 , -73.1626
42.6428 , -72.9832
42.6447 , -72.9375
42.6324 , -72.936
42.6296 , -72.9724
42.6345 , -72.9853
42.5606 , -73.1693
42.5584 , -73.1693
42.5583 , -73.1662
42.56 , -73.1664
42.64 , -73.1077
42.6384 , -73.1021
42.6377 , -73.1028
42.6392 , -73.1076
34.1952 , -118.2951
34.1963 , -118.2955
34.0407 , -118.5807
34.041 , -118.5762
34.0395 , -118.5761
34.0391 , -118.5808
42.83 , -71.63
42.8336 , -71.6314
42.8365 , -71.6445
42.8321 , -71.645
42.874 , -71.9393
42.8791 , -71.9608
42.8564 , -71.9703
42.8557 , -71.9509
43.25 , -71.38
43.2493 , -71.3648
43.2645 , -71.3614
43.2675 , -71.3708
44.7512 , -71.6305
44.7505 , -71.6376
44.7435 , -71.6279
44.7465 , -71.6258
43.9866 , -71.6809
43.9459 , -71.6905
43.9494 , -71.6648
30.5467 , -91.0547
30.5494 , -91.0386
30.5548 , -91.0428
34.9401 , -88.5267
40.57 , -79.75
34.495 , -88.5092
34.8143 , -88.2872
34.8139 , -88.27
34.8125 , -88.217
37.5207 , -86.3245
43.9919 , -71.6594
43.7674 , -71.6925
43.7645 , -71.6617
43.7408 , -71.6628
43.7372 , -71.6811
33.44 , -77.74
33.96 , -77.94
33.96 , -77.94
33.44 , -77.74
34.2406 , -117.5114
34.2179 , -117.4694
34.2254 , -117.4647
34.2488 , -117.5004
34.0173 , -117.3812
34.0082 , -117.365
34.0697 , -117.2687
34.076 , -117.2951
34.0524 , -117.3541
33.733 , -117.157
33.7248 , -117.1551
33.7289 , -117.1447
33.7347 , -117.153
32.8496 , -116.9394
32.8219 , -116.9383
40.58 , -79.71
40.6077 , -79.7177
40.5912 , -79.7604
40.5714 , -79.7704
40.8396 , -79.6539
40.8328 , -79.6302
40.8422 , -79.6154
40.8717 , -79.6822
40.8455 , -79.6912
40.73 , -79.68
40.7323 , -79.6752
40.7358 , -79.6789
40.7323 , -79.684
41.02 , -79.61
40.99 , -79.62
40.9682 , -79.6244
40.9667 , -79.5702
41.0276 , -79.5674
41.2182 , -79.3175
41.2663 , -79.3672
41.2258 , -79.4446
41.1917 , -79.4027
39.8982 , -80.3034
39.8555 , -80.2817
39.8707 , -80.2377
39.9323 , -80.2194
39.9419 , -80.2721
40.34 , -80.11
40.4 , -79.92
40.3638 , -79.843
40.3241 , -79.9085
40.3124 , -80.1042
40.4183 , -80.1931
40.4075 , -80.2165
40.3887 , -80.1908
40.3988 , -80.1722
40.5543 , -79.9626
40.5119 , -79.9552
40.5172 , -79.9419
40.5521 , -79.9479
40.5469 , -79.8072
40.5452 , -79.7943
40.5378 , -79.7934
40.5404 , -79.8093
40.54 , -80.18
40.547 , -80.1315
40.6013 , -80.1407
40.5942 , -80.2199
40.522 , -80.0212
40.5096 , -80.0203
40.5169 , -80.0491
40.5375 , -80.0431
41.14 , -79.16
41.1553 , -79.1207
41.0563 , -79.0452
41.0211 , -79.1184
41.1194 , -79.2049
41.1516 , -79.1198
41.1338 , -79.1039
41.1345 , -79.0527
41.1742 , -79.0372
41.1786 , -79.0845
41.3387 , -79.2498
41.3105 , -79.263
41.3024 , -79.2373
41.3162 , -79.1834
41.3441 , -79.1897
40.78 , -80.2
40.8017 , -80.155
40.8449 , -80.1895
40.8328 , -80.2939
40.774 , -80.2227
40.17 , -80.25
40.1637 , -80.2838
40.14 , -80.29
40.144 , -80.2461
40.159 , -80.2387
40.26 , -80.19
40.2605 , -80.1744
40.2444 , -80.2055
40.244 , -80.2175
40.2587 , -80.2022
40.324 , -80.2242
40.3179 , -80.2328
36.95 , -77.4
37.58 , -77.53
37.4463 , -78.0012
37.4518 , -77.9982
30.3011 , -92.5758
30.3017 , -92.573
36.98 , -76.32
37.16 , -76.38
37.49 , -75.98
37.65 , -75.9
34.72 , -111.92
34.714 , -111.5795
41.93 , -88.87
44.7108 , -68.3636
44.2026 , -68.7152
44.129 , -68.4103
44.2633 , -67.8637
44.7393 , -67.953
44.9424 , -67.3093
44.8943 , -67.735
44.6547 , -67.6835
44.7413 , -67.2008
43.2983 , -75.5333
43.3122 , -75.5329
43.3111 , -75.4906
43.296 , -75.4991
43.1186 , -75.2657
43.1276 , -75.2773
43.1197 , -75.2994
43.1105 , -75.284
43.0119 , -76.7626
42.9868 , -76.7212
43.0448 , -76.5348
43.0665 , -76.5728
43.4173 , -75.4828
43.416 , -75.4756
43.4208 , -75.4758
43.4232 , -75.48
43.3359 , -75.7601
43.3286 , -75.7403
43.3368 , -75.7244
43.344 , -75.7456
43.4561 , -75.3414
43.4701 , -75.3826
43.5007 , -75.3407
43.4865 , -75.3202
43.32 , -75.38
43.3162 , -75.3551
43.296 , -75.3823
43.3078 , -75.397
43.1124 , -75.2784
43.1236 , -75.2682
43.1305 , -75.2843
43.1212 , -75.2914
42.38 , -77.37
42.3772 , -77.3819
42.3344 , -77.3473
48.1594 , -119.7989
48.1601 , -119.7991
33.49 , -88.79
33.498 , -88.7951
33.5003 , -88.7876
33.4612 , -88.7409
33.4601 , -88.7544
32.7853 , -89.133
32.4585 , -90.1272
32.4538 , -90.0908
32.6111 , -90.0167
32.6115 , -90.0462
32.3 , -90.39
31.68 , -90.81
33.5295 , -91.0253
33.5409 , -90.8694
33.3001 , -90.8897
33.3704 , -91.062
33.4801 , -90.3494
33.5432 , -90.335
33.5613 , -90.1904
33.5086 , -90.1664
33.5107 , -90.65
33.5255 , -90.5549
33.4395 , -90.5808
33.431 , -90.6701
33.456 , -90.6743
32.92 , -90.87
32.9125 , -90.8766
32.9137 , -90.8663
32.9196 , -90.8616
33.79 , -89.8
33.8048 , -89.7742
33.7391 , -89.7466
33.7601 , -89.827
33.75 , -90.72
33.7938 , -90.9521
33.9859 , -90.8916
37.18 , -82.92
37.1814 , -82.9011
37.1885 , -82.9026
48.9277 , -119.299
34.2076 , -90.6126
34.1867 , -90.5033
34.3246 , -90.4608
32.2483 , -91.9294
33.9793 , -90.6534
33.4 , -91.04
33.2242 , -91.0043
33.3488 , -90.7612
33.5071 , -90.8889
32.78 , -91.91
32.7089 , -91.897
32.7357 , -91.7507
32.8123 , -91.7737
32.73 , -91.84
32.7245 , -91.8156
32.7528 , -91.8078
32.7603 , -91.833
32.7973 , -91.931
32.7621 , -91.9343
32.41 , -91.53
32.3977 , -91.5364
32.3958 , -91.5161
32.417 , -91.5145
32.26 , -91.81
32.4957 , -91.7725
32.4731 , -91.4688
32.2388 , -91.5821
31.98 , -91.66
32.1925 , -91.7393
32.2382 , -91.6337
31.9947 , -91.5286
32.2287 , -91.6966
33.2923 , -91.9104
33.1054 , -92.0189
33.0941 , -91.5336
33.3375 , -91.5538
33.49 , -91.38
33.4269 , -91.372
33.4704 , -91.2466
33.5267 , -91.2846
33.4724 , -91.4371
33.4925 , -91.3302
33.5515 , -91.3689
33.5326 , -91.4463
33.4697 , -91.4565
33.4814 , -91.3847
33.5524 , -91.4052
33.5274 , -91.4453
33.18 , -91.8
33.0769 , -91.822
33.0618 , -92.0424
33.3486 , -91.9165
33.3386 , -91.7907
33.31 , -91.29
33.4962 , -91.3147
33.5223 , -91.4495
33.304 , -91.4082
33.0282 , -91.3862
33.0676 , -91.1926
47.32 , -119.58
48.93 , -119.3
37.1864 , -82.9108
48.9293 , -119.2985
48.52 , -120.19
33.05 , -80.51
33.05 , -80.25
32.9216 , -80.8877
31.56 , -81.55
32.93 , -81.52
32.84 , -82
32.6528 , -79.9384
32.501 , -79.099
32.1533 , -80.7437
32.1127 , -80.8468
31.4178 , -81.2954
32.4349 , -80.4735
31.4178 , -81.2954
32.501 , -79.099
32.501 , -79.099
32.785 , -79.9357
32.5551 , -92.1234
32.5353 , -92.1204
32.5226 , -92.1309
32.4853 , -92.109
32.4853 , -92.1184
32.5152 , -92.1355
32.5268 , -92.1383
32.542 , -92.1372
37.5554 , -92.476
37.5549 , -92.4755
37.5558 , -92.4747
37.5564 , -92.475
37.6016 , -92.5452
37.6012 , -92.5445
37.6021 , -92.5422
37.6027 , -92.5431
37.4535 , -92.448
37.4553 , -92.4446
37.4561 , -92.4455
37.4542 , -92.4481
37.1778 , -92.5272
37.1785 , -92.5263
37.1753 , -92.5254
37.1749 , -92.5266
37.098 , -92.9192
37.0972 , -92.9181
37.0955 , -92.9219
37.0953 , -92.9237
37.13 , -93.12
37.1314 , -93.1184
37.1302 , -93.1186
37.1296 , -93.1199
36.9661 , -92.7257
36.966 , -92.7239
36.9637 , -92.7264
36.9629 , -92.7278
36.9782 , -92.5212
36.9753 , -92.5199
36.9766 , -92.5191
36.98 , -92.5212
37.0687 , -93.0535
37.0691 , -93.0544
37.0713 , -93.0529
37.0706 , -93.0526
36.5816 , -93.836
36.5782 , -93.8321
36.5785 , -93.828
36.5827 , -93.8341
37.19 , -92.75
37.1883 , -92.751
37.1885 , -92.7485
37.1905 , -92.7486
36.7413 , -91.8686

36.7403 , -91.8693
36.74 , -91.8678
36.74 , -91.8671
37.9 , -91.84
37.9025 , -91.8436
37.9035 , -91.8427
37.9005 , -91.8386
37.9677 , -91.8022
37.9664 , -91.8006
37.9672 , -91.8001
37.9687 , -91.8022
37.7769 , -91.373
37.7737 , -91.3711
37.7737 , -91.3695
37.7779 , -91.372
36.6176 , -92.6251
36.6162 , -92.623
36.6191 , -92.622
36.6217 , -92.6218
36.7316 , -94.3136
38.13 , -85.97
38.76 , -85.37
41.2444 , -87.2205
41.2159 , -87.286
41.1829 , -87.3453
41.1663 , -87.5266
40.8392 , -87.5257
40.7991 , -87.5261
40.8196 , -87.3819
40.8644 , -87.2681
40.905 , -87.2691
40.9197 , -87.1056
40.8644 , -87.2681
40.905 , -87.2691
40.9405 , -87.1685
41.0204 , -87.1801
41.021 , -87.129
40.969 , -87.0943
41.1801 , -87.5265
41.211 , -87.3534
41.262 , -87.217
41.2103 , -87.217
41.1648 , -87.3264
41.1456 , -87.5262
41.262 , -87.217
41.2965 , -87.1289
41.2479 , -86.9295
41.2266 , -86.9298
41.2098 , -86.975
41.2102 , -87.217
35.8658 , -89.2275
35.8511 , -89.2293
35.8505 , -89.215
35.8643 , -89.2152
35.631 , -89.2286
35.6158 , -89.2199
35.6222 , -89.1967
35.6365 , -89.2116
35.5031 , -89.0046
35.5045 , -88.986
35.4788 , -89.001
35.486 , -89.0162
39.3913 , -84.6527
39.403 , -84.4506
39.4031 , -84.4538
39.3836 , -84.4596
39.3833 , -84.4507
39.7122 , -84.6948
39.7103 , -84.6947
39.7101 , -84.6936
39.7124 , -84.6936
39.7605 , -84.6079
39.7604 , -84.5988
39.7571 , -84.5983
39.7579 , -84.6076
39.7849 , -84.6371
39.7899 , -84.6334
39.7882 , -84.6316
39.7848 , -84.6345
39.8122 , -84.527
39.646 , -84.5281
39.6468 , -84.7618
39.8189 , -84.7811
40.2327 , -84.4772
40.0246 , -84.4669
40.0175 , -84.6794
40.2302 , -84.6706
39.6329 , -84.0623
39.6229 , -84.0567
39.621 , -84.0578
39.6257 , -84.0645
39.6337 , -84.0651
39.4342 , -84.2262
39.3567 , -84.1736
39.4894 , -84.0615
39.5515 , -84.2786
39.9165 , -83.8796
39.915 , -83.8789
39.9139 , -83.8824
39.9152 , -83.8825
40.401 , -83.7411
40.399 , -83.7412
40.3986 , -83.7479
40.4003 , -83.7477
39.94 , -83.27
39.9448 , -83.2618
39.9455 , -83.2542
39.9361 , -83.2571
39.9379 , -83.267
39.92 , -83.87
39.9227 , -83.8687
39.9232 , -83.8698
39.9225 , -83.8718
39.9199 , -83.8715
39.75 , -84.39
39.53 , -84.77
39.64 , -84.65
39.75 , -84.56
39.69 , -84.43
39.68 , -84.43
39.75 , -84.39
39.84 , -83.07
39.87 , -83.07
39.84 , -83.09
39.85 , -82.88
39.85 , -82.88
39.76 , -82.85
39.55 , -83.25
39.85 , -82.61
38.93 , -83.79
38.74 , -83.61
38.69 , -83.61
39.7473 , -83.971
39.7939 , -83.8229
39.7948 , -83.7592
39.814 , -83.6853
39.8588 , -83.4949
39.8603 , -83.4924
39.8588 , -83.0829
39.8753 , -83.0382
39.58 , -84.76
39.65 , -84.22
39.86 , -84.22
39.64 , -83.96
39.75 , -83.94
39.74 , -83.94
39.87 , -83.07
39.72 , -82.6
39.7928 , -83.8255
39.8327 , -83.4654
39.8453 , -83.491
39.8735 , -83.4254
39.8812 , -83.0765
39.8629 , -82.8275
39.8135 , -82.8867
39.7947 , -83.7957
39.9643 , -82.9748
39.8449 , -82.805
39.6679 , -82.4654
39.6646 , -82.466
39.6645 , -82.4678
39.6675 , -82.4689
39.8319 , -83.9924
39.8318 , -83.9934
39.8321 , -83.9934
39.8325 , -83.9921
39.8322 , -83.9919
42.76 , -98.67
42.75 , -98.85
29.5 , -94.92
29.54 , -94.9109
29.4236 , -94.8897
29.18 , -94.521
29.5 , -94.92
21.9766 , -159.6949
22.1837 , -159.3524
20.8434 , -156.9386
20.7385 , -156.8876
37.88 , -89
38.0258 , -88.9451
38.0314 , -88.9962
37.868 , -89.0405
38.08 , -88.17
38.0741 , -88.1312
38.0027 , -88.1659
38.0081 , -88.2133
38.0533 , -88.2049
38.9394 , -88.8065
38.9785 , -88.6797
39.5173 , -88.4508
39.5383 , -88.1241
39.4071 , -88.1172
39.406 , -88.4234
39.5173 , -88.4508
39.5383 , -88.1241
39.4071 , -88.1172
39.406 , -88.4234
45.25 , -105.32
45.5 , -106.31
45.63 , -105.76
45.61 , -106.28
45.59 , -106.27
45.62 , -106.29
45.8 , -105.26
46.08 , -104.44
38.4054 , -87.7446
38.4 , -87.73
38.2837 , -87.8283
38.3468 , -87.8145
38.1748 , -87.9322
38.1741 , -87.917
38.1327 , -87.92
38.0376 , -87.9486
38.0501 , -87.9744
38.1168 , -87.9476
37.95 , -87.42
37.9408 , -87.4178
37.9351 , -87.3857
37.9154 , -87.3451
37.9269 , -87.3269
37.9313 , -87.4587
37.9443 , -87.4563
37.9238 , -87.5378
37.9504 , -87.642
37.8924 , -87.6617
37.8523 , -87.6692
37.8813 , -87.5981
37.93 , -87.9
37.8851 , -87.968
37.8155 , -88.0043
37.8034 , -87.9213
38.42 , -87.58
38.4284 , -87.5201
38.3814 , -87.4953
38.3705 , -87.6877
38.4102 , -87.7019
38.4177 , -87.7118
38.4021 , -87.6961
38.4814 , -87.5013
38.5 , -87.5195
38.488 , -87.5686
38.5 , -87.28
38.5101 , -87.2952
38.5486 , -87.1988
38.5254 , -87.0972
38.5052 , -87.0996
37.95 , -87.42
37.9403 , -87.4238
37.9163 , -87.3329
37.9269 , -87.3269
37.93 , -87.9
37.8981 , -87.8392
37.9108 , -87.842
37.9322 , -87.8866
37.77 , -87.12
37.7798 , -87.1236
37.79 , -87.0737
37.7868 , -87.0713
37.87 , -87.47
37.9167 , -87.3619
37.9362 , -87.43
37.901 , -87.5069
37.8744 , -87.5782
37.8386 , -87.5919
37.77 , -87.93
37.643 , -88.1058
37.562 , -88.1065
37.6662 , -88.1542
37.7792 , -87.994
37.43 , -88.25
37.4453 , -88.2682
37.4655 , -88.1221
37.444 , -88.0733
37.13 , -88.4
37.135 , -88.4209
37.2048 , -88.4386
37.2732 , -88.4993
37.2804 , -88.4727
37.2353 , -88.43
37.08 , -88.63
37.0954 , -88.5933
37.1469 , -88.7524
37.1436 , -88.8071
37.2015 , -88.8861
37.2226 , -88.9426
37.2087 , -89.0025
37.187 , -89.0517
37.1567 , -89.0806
37.1782 , -89.0161
37.77 , -87.93
37.6919 , -88.0804
37.668 , -88.1442
37.7767 , -88.0117
37.3137 , -86.9881
37.3116 , -86.9962
37.2666 , -86.985
37.2419 , -86.9632
34.81 , -87.67
34.93 , -87.84
34.82 , -87.63
34.92 , -87.81
34.79 , -87.76
34.84 , -87.72
34.59 , -87.74
34.9 , -87.67
34.81 , -87.65
34.92 , -87.63
34.67 , -87.7
34.74 , -87.67
34.85 , -87.53
34.86 , -87.48
34.82 , -87.65
34.89 , -87.47
34.89 , -87.44
34.89 , -87.45
34.96 , -87.5
34.98 , -87.43
34.99 , -87.41
35 , -87.39
34.91 , -87.3
34.95 , -87.28
34.98 , -87.25
34.92 , -87.28
34.53 , -87.29
34.8 , -87.28
34.82 , -87.28
34.59 , -87.27
34.59 , -87
34.44 , -86.94
34.59 , -86.98
34.6 , -86.99
34.61 , -86.99
34.61 , -87
34.6174 , -86.9701
34.78 , -86.77
34.68 , -86.75
34.6 , -86.97
34.7282 , -86.5742
34.18 , -86.81
34.18 , -86.86
34.19 , -86.86
34.75 , -86.58
34.73 , -86.67
34.75 , -86.6
34.6792 , -86.58
34.318 , -86.5334
34.4238 , -86.4918
34.4088 , -86.3934
34.39 , -86.37
34.49 , -86.24
34.54 , -86.28
34.5187 , -86.2573
34.36 , -86.29
34.36 , -86.3
34.57 , -86.17
34.73 , -86.31
34.67 , -86.01
34.67 , -86.02
34.66 , -86.13
34.67 , -86.02
34.19 , -86.16
34.63 , -85.74
34.49 , -85.85
34.7 , -85.67
34.57 , -85.8
34.77 , -85.58
34.46 , -85.77
34.44 , -85.78
34.7583 , -85.6033
34.75 , -87.61
34.57 , -87.23
34.6583 , -86.9433
34.73 , -86.94
34.6441 , -86.7862
34.76 , -86.68
34.74 , -86.53
34.587 , -86.081
35.18 , -85.95
29.4 , -84.86
29.4 , -84.86
37.0566 , -89.92
37.0711 , -89.92
37.03 , -89.83
37.08 , -89.8
36.97 , -89.08
36.9405 , -88.8544
36.95 , -88.95
36.9459 , -88.7792
36.95 , -88.73
36.8332 , -88.52
36.87 , -88.35
36.67 , -88.52
36.8807 , -87.5184
37.5 , -90.02
37.52 , -89.92
37.32 , -89.68
37.3 , -89.5846
37.23 , -89.57
37.7568 , -87.2148
37.7547 , -87.102
37.7284 , -87.0645
37.597 , -86.9724
37.6281 , -87.2028
37.27 , -86.98
37.2433 , -86.9453
37.2373 , -86.9553
37.2651 , -86.9921
37.3013 , -86.9996
37.2964 , -86.9881
37.4524 , -89.8179
37.4529 , -89.8114
37.4463 , -89.809
37.4462 , -89.8169
37.2244 , -90.4955
37.118 , -90.4404
37.1217 , -90.4808
37.2161 , -90.5363
38.35 , -88.58
38.2959 , -88.5275
38.2605 , -88.441
38.2741 , -88.3974
38.3258 , -88.4933
38.361 , -88.5651
38.08 , -88.17
38.0887 , -88.1305
38.0374 , -88.1458
38.0242 , -88.2055
38.0613 , -88.2068
37.88 , -89
37.8201 , -89.0774
37.848 , -89.1224
37.9125 , -89.0695
37.9876 , -89.0446
37.9993 , -88.9877
37.77 , -89.33
37.7532 , -89.3995
37.741 , -89.3453
37.7593 , -89.3145
36.7336 , -94.3114
36.7329 , -94.3106
36.7307 , -94.3141
36.5196 , -92.0117
36.52 , -92.0129
36.5217 , -92.0112
36.5215 , -92.0104
36.6067 , -92.4281
36.6062 , -92.4265
36.6067 , -92.4265
36.607 , -92.4272
36.7836 , -92.3687
36.7817 , -92.3636
36.7825 , -92.3635
36.7851 , -92.3686
36.517 , -91.7404
36.5164 , -91.7383
36.5212 , -91.738
36.5208 , -91.7394
38.0625 , -91.8946
38.0687 , -91.8908
38.0685 , -91.8882
38.0602 , -91.8897
36.88 , -91.9
37.15 , -94.5
34.89 , -87.95
34.92 , -88.06
34.95 , -87.97
34.98 , -87.9
34.93 , -87.84
36.91 , -92.8
36.62 , -93.19
36.66 , -93.13
36.69 , -93.1
36.95 , -92.61
32.1489 , -94.8007
31.908 , -94.7871
31.7898 , -94.7301
31.8253 , -94.494
32.4734 , -94.0572
32.3251 , -94.3544
31.808 , -94.8067
31.8233 , -94.4936
31.8473 , -94.5052
39.8452 , -82.4391
39.8441 , -82.4157
39.77 , -82.09
39.758 , -81.8968
39.32 , -82.1
38.9 , -82.57
38.92 , -82.3
38.88 , -82.38
38.94 , -82.11
39 , -82.06
39.77 , -82.09
38.9 , -82.57
21.0699 , -156.9631
21.0686 , -156.9631
21.0682 , -156.9613
21.0696 , -156.9605
20.9738 , -156.679
20.9736 , -156.6789

20.9742 , -156.6785
20.9743 , -156.6787
19.5788 , -155.0095
19.433 , -155.254
20.9718 , -156.6439
20.7233 , -156.0149
20.246 , -155.8531
19.4593 , -155.8066
20.9591 , -156.6601
20.7247 , -156.0263
20.9428 , -156.5536
20.8111 , -156.3682
20.9428 , -156.5536
20.6695 , -156.3595
22.1534 , -159.6412
21.911 , -159.4219
19.844 , -155.1237
19.0783 , -155.6619
20.8538 , -156.1739
20.636 , -156.1327
20.2219 , -155.8436
19.8546 , -155.2339
19.774 , -155.9838
19.4213 , -155.8341
19.7478 , -155.8149
19.0956 , -155.6254
21.2806 , -157.7441
21.28 , -157.7435
21.2803 , -157.7425
21.2806 , -157.7431
21.2789 , -157.8068
21.2784 , -157.8063
21.3679 , -157.7406
21.3673 , -157.74
21.3676 , -157.7397
21.3681 , -157.7399
22.2197 , -159.5657
22.219 , -159.5653
22.2194 , -159.5646
22.2198 , -159.565
22.2124 , -159.5182
22.2172 , -159.5326
22.2136 , -159.5355
22.2111 , -159.518
22.2195 , -159.5655
22.2192 , -159.5652
22.2194 , -159.5649
22.2196 , -159.565
20.2368 , -155.8739
19.6408 , -155.1213
22.191 , -159.4867
22.2215 , -159.4927
22.2227 , -159.5784
22.1916 , -159.5602
21.4459 , -157.7539
21.3108 , -157.8431
19.7842 , -155.1895
19.146 , -155.5591
21.3868 , -157.745
21.3048 , -157.719
20.0099 , -155.3522
19.3729 , -155.2369
30.07 , -85.59
31.24 , -85.55
31.3306 , -85.7093
31.3472 , -85.7137
31.04 , -83.14
31.8 , -95.15
32.2554 , -94.9702
31.9774 , -95.0021
32.063 , -94.8569
38.93 , -82.28
39.8157 , -82.0735
39.7919 , -82.0754
39.793 , -82.1018
39.8164 , -82.1028
39.239 , -81.8718
39.2307 , -81.7316
39.2639 , -81.7286
39.2705 , -81.858
39.4426 , -81.8785
39.457 , -82.0613
39.4982 , -82.0574
39.4881 , -82.1115
39.2755 , -82.6181
39.2689 , -82.62
39.2621 , -82.5832
39.2729 , -82.5819
39.0102 , -82.1471
37.5121 , -87.2745
37.4587 , -87.1189
37.4824 , -87.116
37.5453 , -87.2622
37.1297 , -90.4541
37.122 , -90.4777
37.2267 , -90.528
37.2242 , -90.4949
36.6542 , -88.4273
36.6499 , -88.3758
36.6344 , -88.3816
36.6391 , -88.4241
34.4437 , -79.6261
34.4595 , -79.672
34.4726 , -79.6679
34.5107 , -79.6428
34.3416 , -79.4951
33.5885 , -79.8389
33.5589 , -79.4148
33.9268 , -79.3898
34.0727 , -79.5539
34.2305 , -79.1443
18.32 , -66.97
18.3256 , -66.9806
18.3268 , -66.9775
18.3231 , -66.9706
28.6061 , -80.6214
28.5359 , -80.5748
28.37 , -80.69
28.477 , -80.594
28.101 , -80.612
28.4598 , -80.5267
28.05 , -80.56
27.656 , -80.376
27.3452 , -80.2364
27.98 , -80.65
42.2554 , -71.1646
42.2536 , -71.167
42.2532 , -71.1665
42.255 , -71.1641
42.263 , -71.747
42.2618 , -71.73
42.275 , -71.7271
42.2844 , -71.7289
42.4077 , -71.1825
42.4103 , -71.1821
42.41 , -71.1805
42.407 , -71.1802
42.5024 , -71.2851
42.5043 , -71.2854
42.5045 , -71.2843
42.5026 , -71.2838
42.2913 , -71.5627
42.2845 , -71.5623
42.2796 , -71.6611
42.2853 , -71.6545
42.2248 , -71.5397
42.2422 , -71.5735
42.2421 , -71.5674
42.2292 , -71.5423
42.4201 , -71.7847
42.4235 , -71.7738
42.421 , -71.7753
42.4182 , -71.7842
42.4867 , -71.0994
42.4873 , -71.0994
42.4871 , -71.0986
42.4867 , -71.0985
42.1602 , -71.2134
42.1589 , -71.2115
42.1597 , -71.2112
42.1607 , -71.2125
41.7392 , -72.7351
41.7301 , -72.7239
41.7315 , -72.7199
41.7408 , -72.733
28.4036 , -80.6618
28.23 , -80.598
28.34 , -80.73
29.1835 , -81.0239
28.5272 , -80.7742
28.7755 , -80.8043
27.6553 , -80.4143
28.7435 , -80.7005
27.656 , -80.376
27.79 , -80.42
28.52 , -80.17
27.2243 , -80.2023
28.5272 , -80.7742
28.7755 , -80.8043
27.656 , -80.376
27.6461 , -80.4466
29.0932 , -80.9716
29.096 , -81.314
28.78 , -81.83
28.34 , -80.72
28.69 , -81.51
28.52 , -81.42
39.8 , -123.82
39.7974 , -123.8175
39.7972 , -123.8204
39.799 , -123.8219
39.08 , -123.47
39.5 , -123.37
40.63 , -124.22
39.2 , -123.75
39.1969 , -123.7421
39.1951 , -123.7456
39.1971 , -123.7511
40.03 , -124.07
41.6357 , -99.1632
37.1075 , -113.6281
32.37 , -90.1509
32.3713 , -90.1511
42.28 , -94.29
42.28 , -94.17
42.27 , -94.27
42.27 , -93.93
40.73 , -94.82
40.76 , -94.74
40.86 , -94.64
40.88 , -94.56
41.4 , -95.13
41.4999 , -95.0028
42.02 , -94.55
42.02 , -94.38
42.02 , -94.38
42.02 , -94.38
41.91 , -93.92
42.1664 , -93.6205
42.166 , -93.6009
42.1293 , -93.5549
42.19 , -93.57
42.31 , -93.3
42.5202 , -93.2589
41.68 , -94.09
41.41 , -95.05
41.83 , -94.16
42.55 , -94.19
42.47 , -93.27
42.02 , -94.38
42.4566 , -93.0516
41.4606 , -95.0373
41.4745 , -95.1002
41.3476 , -94.0132
42.1869 , -93.5635
42.1884 , -93.5641
48.1314 , -106.3773
48.1186 , -106.3886
48.1178 , -106.3439
48.1314 , -106.3459
32.38 , -81.66
32.38 , -81.67
32.88 , -81.58
33.11 , -81.19
32.43 , -80.78
33.09 , -80.35
33.1 , -80.28
33.02 , -80.24
33.12 , -80.23
32.81 , -80.12
32.81 , -80.06
32.82 , -80.05
33.07 , -80.64
32.7512 , -79.8707
32.7512 , -79.8707
31.98 , -80.85
32.11 , -80.84
31.98 , -80.85
32.02 , -80.84
31.98 , -80.85
32.04 , -80.88
32.11 , -80.84
32.02 , -80.84
32 , -80.85
32 , -80.87
32.01 , -80.84
31.99 , -80.85
32.0612 , -81.0898
29.87 , -89.67
30.15 , -90.13
30.15 , -90.13
29.25 , -88.44
30.4038 , -90.1571
30.3553 , -90.0452
29.9391 , -89.9543
30.05 , -90.03
29.45 , -90.59
29.47 , -90.56
29.39 , -90.27
33.02 , -81.88
33.02 , -81.87
33.43 , -82.56
33.3941 , -81.9924
33.399 , -81.9819
33.04 , -81.86
33.02 , -81.87
34.6291 , -87.9681
34.6372 , -87.901
34.5107 , -87.8727
34.5092 , -87.8516
34.4988 , -87.7476
34.4929 , -87.7129
34.4535 , -87.4978
34.447 , -87.4794
34.9572 , -87.2049
34.9589 , -86.7922
34.4235 , -87.2526
34.4161 , -87.1343
34.3675 , -87.0404
34.3089 , -86.8727
34.3089 , -86.8727
34.2785 , -86.8213
34.9631 , -86.6509
34.9682 , -86.5666
34.4741 , -87.3
34.4728 , -87.2915
34.2216 , -86.2939
34.2271 , -86.2286
34.9682 , -86.2307
34.9692 , -86.2217
34.86 , -86.92
34.76 , -87.63
34.82 , -86.73
33.71 , -90.74
33.02 , -89.63
33.5077 , -91.0991
33.1827 , -90.6897
33.24 , -90.6
33.16 , -90.5
33.22 , -91.03
32.95 , -89.31
32.83 , -88.93
33.1 , -89.94
32.98 , -90.1
32.87 , -89.95
32.98 , -89.38
32.97 , -90.33
32.64 , -89.79
32.5319 , -90.1493
32.58 , -90.14
32.59 , -89.6
32.3978 , -89.9666
32.42 , -90.02
32.4 , -89.99
32.59 , -89.46
32.6555 , -90.3754
32.6426 , -90.3551
32.5996 , -90.2667
32.5575 , -90.1745
39.5667 , -81.2056
39.5621 , -81.1675
39.5358 , -81.1956
39.5306 , -81.2218
39.5495 , -81.2319
39.6335 , -81.4649
39.6346 , -81.4597
39.6295 , -81.4495
39.6221 , -81.4356
39.6195 , -81.4426
39.6265 , -81.4589
33.384 , -91.651
33.306 , -91.46
33.3022 , -91.443
33.1986 , -91.1187
33.49 , -91.44
33.23 , -91.8
33.07 , -91.57
34.68 , -86.48
34.6736 , -86.4754
34.6746 , -86.4842
34.6809 , -86.485
34.7 , -86.43
34.6992 , -86.4387
34.6954 , -86.4379
34.696 , -86.4292
34.58 , -86.3
34.5808 , -86.2961
34.5777 , -86.2966
34.5771 , -86.3004
34.59 , -86.47
34.592 , -86.46
34.5956 , -86.4601
34.5949 , -86.4718
34.7 , -86.42
34.6975 , -86.4073
34.6947 , -86.4076
34.6958 , -86.4268
34.91 , -87.11
34.9171 , -87.0966
34.9215 , -87.1254
34.9132 , -87.127
37.6995 , -121.8941
38.23 , -122.63
38.23 , -122.63
37.5 , -122.28
37.95 , -122.53
37.72 , -121.92
37.6688 , -121.8553
37.3908 , -122.004
37.0599 , -122.0102
38.3534 , -122.7409
38.353 , -122.7411
38.3531 , -122.7415
38.3534 , -122.7415
38.2369 , -122.4609
38.236 , -122.4623
38.2359 , -122.4619
38.2364 , -122.4611
38.3858 , -122.7685
38.3863 , -122.77
38.3863 , -122.7694
38.386 , -122.7687
37.4829 , -121.936
37.4823 , -121.9363
37.4822 , -121.936
37.4827 , -121.9356
38.49 , -122.74
38.4904 , -122.7393
38.49 , -122.739
38.4899 , -122.7394
38.4835 , -122.8259
38.4836 , -122.8251
38.4832 , -122.8251
38.4832 , -122.8258
38.4424 , -122.522
38.4423 , -122.5224
38.4422 , -122.5223
38.4423 , -122.5221
38.3525 , -122.7419
38.3521 , -122.7404
38.3518 , -122.741
38.352 , -122.7419
29.8 , -82.91
29.61 , -82.65
29.53 , -82.52
29.5981 , -82.4447
31.34 , -82.46
31.3 , -82.24
31.45 , -82.21
30.8386 , -81.8981
31.42 , -81.95
34.4589 , -86.1865
34.88 , -87.07
28.5821 , -96.5691
28.5821 , -96.5691
36.9499 , -92.6124
36.948 , -92.6096
36.9477 , -92.6084
37.0944 , -92.4922
39.0083 , -82.055
39.0459 , -82.0234
39.1502 , -81.9941
39.18 , -82.0478
39.1914 , -82.1573
38.9133 , -82.3927
38.9144 , -82.3636
39.0103 , -82.3037
39.0121 , -82.3296
38.958 , -82.3772
39.2738 , -82.2701
39.2807 , -82.3121
39.2117 , -82.3025
39.2101 , -82.2839
39.4076 , -82.1358
39.3878 , -82.0977
39.3268 , -82.0166
39.3062 , -82.1005
39.3306 , -82.144
39.5787 , -81.6535
39.5794 , -81.5715
39.5419 , -81.4967
39.5168 , -81.5184
39.5323 , -81.647
39.5671 , -81.6745
39.6908 , -81.9032
39.6967 , -81.8699
39.6158 , -81.7955
39.6 , -81.8397
39.0773 , -81.9266
39.0507 , -81.8969
39.064 , -81.8306
39.0994 , -81.8276
39.1007 , -81.8884
39.3817 , -81.4892
39.4087 , -81.4543
39.4063 , -81.4355
39.3851 , -81.4075
39.4239 , -81.3859
39.4399 , -81.4452
39.4204 , -81.4825
39.1164 , -81.7406
39.1406 , -81.7438
39.1407 , -81.7567
39.0894 , -81.8257
38.9982 , -81.789
39.0088 , -81.7636
39.0755 , -81.8102
39.0823 , -81.7481
38.8974 , -82.1413
38.8748 , -82.1406
38.8807 , -82.1667
38.9072 , -82.1579
39.6427 , -81.4702
39.4526 , -81.4696
39.4488 , -81.2036
39.5711 , -81.1516
39.5823 , -81.3567
39.6299 , -81.4555
39.6426 , -81.4548
39.4671 , -82.2135

39.4711 , -82.1912
39.4188 , -82.1703
39.4227 , -82.1998
33.6672 , -101.575
28.35 , -82.72
27.8578 , -82.5527
27.47 , -81.73
27.9939 , -81.8975
27.5447 , -81.7445
43.36 , -90.09
43.48 , -89.92
43.53 , -89.94
43.46 , -89.86
43.47 , -89.75
43.47 , -89.74
43.42 , -89.73
43.42 , -89.63
43.46 , -89.22
43.5 , -88.54
43.44 , -88.64
43.45 , -88.65
43.49 , -88.54
43.62 , -87.95
43.62 , -87.8
43.54 , -87.82
43.75 , -87.7
37.8 , -89.03
37.809 , -88.65
37.82 , -88.43
32.4429 , -93.9756
32.4893 , -93.7399
32.613 , -93.8854
32.5454 , -93.7764
32.5062 , -93.7705
32.5305 , -93.5052
31.9737 , -94.0006
32.5874 , -93.5151
32.3637 , -93.7019
32.3852 , -93.7192
32.593 , -93.3365
32.6468 , -93.2838
32.7967 , -93.0557
32.77 , -92.4
32.2712 , -92.7277
31.4303 , -93.5402
32.5097 , -92.2759
31.6894 , -92.9008
32.3259 , -92.222
32.5049 , -92.0357
38.02 , -87.58
37.9945 , -87.55
34.3909 , -94.9307
33.1088 , -92.3573
38.5377 , -84.8556
38.5361 , -84.8571
38.5341 , -84.8522
38.5354 , -84.8506
32.0611 , -81.0898
32.061 , -81.0896
32.0612 , -81.0896
35.9664 , -91.3317
35.9678 , -91.3089
36.0658 , -90.7628
36.071 , -90.733
36.4 , -90.65
36.0535 , -90.5263
36.0558 , -90.4706
36.0542 , -90.5759
36.0584 , -90.4523
36.0473 , -90.5598
36.0601 , -90.4633
35.802 , -90.7494
35.8127 , -90.6987
35.6853 , -90.7302
35.6992 , -90.6726
35.7394 , -90.5756
35.748 , -90.5358
35.6746 , -90.5376
35.6718 , -90.4818
35.671 , -90.552
35.6746 , -90.4844
35.9978 , -89.9105
35.996 , -89.883
34.7706 , -90.7907
34.7716 , -90.7417
35.889 , -89.9135
35.8892 , -89.9084
36.0022 , -90.2311
36.021 , -90.1178
36.0402 , -90.1249
36.0425 , -90.1048
36.4489 , -89.9804
36.454 , -89.959
35.8735 , -89.5464
35.8774 , -89.4831
36.1444 , -88.6746
36.2238 , -88.5862
35.4597 , -88.8929
35.4493 , -88.8483
35.6406 , -88.4034
35.6419 , -88.3856
30.0375 , -94.0729
30.0831 , -93.7623
43.0691 , -92.6844
43.0584 , -92.6647
43.0536 , -92.6674
43.0547 , -92.6694
43.0575 , -92.6662
43.0689 , -92.6871
43.0718 , -92.687
43.0725 , -92.6835
43.455 , -90.7647
43.4515 , -90.7642
43.4498 , -90.7652
43.4449 , -90.765
43.4448 , -90.7639
43.45 , -90.7639
43.4515 , -90.7631
43.4548 , -90.7637
30.6423 , -92.1904
30.6387 , -92.1698
30.3459 , -92.048
30.3635 , -91.9818
29.6816 , -91.2742
29.6806 , -91.2694
30.26 , -93.14
30.49 , -92.85
30.62 , -92.06
30.35 , -92.27
29.93 , -91.75
30.1 , -93.2
29.9902 , -93.2681
30.55 , -92.07
34.5084 , -89.0695
34.4916 , -88.968
34.6201 , -90.0068
34.612 , -89.9374
34.4635 , -88.9327
34.4628 , -88.921
34.2514 , -89.0316
34.2416 , -88.979
34.5287 , -88.7346
34.5347 , -88.7057
34.1814 , -89.1736
34.1812 , -89.1586
34.5801 , -88.6169
34.5793 , -88.5919
34.6209 , -88.5735
34.6233 , -88.5496
34.6299 , -88.5514
34.6501 , -88.5033
34.3217 , -88.4981
34.3254 , -88.4819
34.7783 , -88.2246
34.7823 , -88.2099
34.0879 , -88.6516
34.087 , -88.6029
34.2733 , -88.4086
34.2732 , -88.4052
34.0163 , -88.5212
34.016 , -88.517
34.0739 , -88.399
34.0765 , -88.3823
33.8122 , -88.5707
33.8141 , -88.5634
34.6848 , -89.9728
35.83 , -90.65
35.8336 , -90.6383
29.48 , -93.64
29.12 , -91.87
29.5393 , -92.3071
29.99 , -93.2682
29.7115 , -91.8802
40.58 , -83.13
40.5037 , -83.0064
44.0265 , -90.0727
44.0255 , -90.0716
44.0252 , -90.0694
44.0235 , -90.0671
44.0236 , -90.066
44.0257 , -90.0691
44.0262 , -90.0712
44.0275 , -90.0707
44.4055 , -92.084
44.3901 , -92.0486
44.3784 , -92.0199
44.3804 , -92.0174
44.3948 , -92.0476
44.4033 , -92.0601
44.059 , -91.6553
44.0558 , -91.6402
44.0491 , -91.6144
44.0451 , -91.6078
44.0454 , -91.6053
44.0505 , -91.6135
44.055 , -91.6274
44.0631 , -91.6396
34.8191 , -78.885
34.8356 , -78.895
34.8347 , -78.8937
34.8079 , -78.8798
34.7642 , -78.8562
36.1101 , -75.7206
34.82 , -78.03
31.3653 , -88.3873
31.2156 , -88.3632
31.2166 , -88.3084
31.3668 , -88.2263
31.4691 , -88.1829
31.4996 , -88.3414
31.935 , -87.7864
31.5723 , -87.9254
31.5544 , -87.6275
31.9352 , -87.6586
31.98 , -87.59
31.9816 , -87.6216
31.9625 , -87.6188
31.9717 , -87.5827
30.6779 , -88.1209
36.048 , -87.7689
35.0819 , -87.7254
35.0846 , -87.7171
36.35 , -86.93
36.1315 , -86.8373
36.47 , -86.66
36.1124 , -86.8221
35.8405 , -85.0483
35.9068 , -84.948
35.8994 , -84.9391
35.8251 , -85.0503
36.2684 , -86.7697
36.3712 , -86.785
36.3609 , -86.7269
36.3481 , -86.7239
36.3225 , -86.7116
36.2646 , -86.7409
36.38 , -86.55
35.9415 , -86.4565
35.9401 , -86.4137
35.932 , -86.3858
35.923 , -86.3882
35.9261 , -86.4552
36.3814 , -86.7214
36.4588 , -86.5788
36.3636 , -86.5282
36.3028 , -86.6578
36.44 , -86.97
35.83 , -86.29
36.4842 , -86.6444
36.4881 , -86.6433
36.4961 , -86.6519
36.4943 , -86.6569
36.3729 , -86.7612
36.4747 , -87.784
36.3302 , -87.752
36.3256 , -87.73
36.5431 , -87.6366
35.7641 , -87.4626
36.0457 , -86.7644
36.0469 , -86.7525
36.07 , -86.67
35.9544 , -86.8115
36.0698 , -86.6958
36.0796 , -86.7153
35.9 , -87.35
36.02 , -86.58
36.3302 , -87.0114
35.8785 , -87.3293
36.1278 , -86.4825
36.12 , -86.42
36.1946 , -86.5082
36.53 , -86.92
36.0705 , -86.5982
36.22 , -86.3
36.2428 , -86.3761
36.5722 , -86.3805
35.6362 , -86.973
35.5921 , -86.9168
36.1849 , -85.4573
36.3943 , -85.2187
29.11 , -91.87
35.8101 , -85.6416
36.43 , -84.92
36.4874 , -84.7784
35.85 , -85.5
35.82 , -85.57
35.9423 , -85.0488
35.53 , -86.35
36.0254 , -84.9771
35.913 , -84.8883
37.7 , -88.13
37.7559 , -88.0653
37.7437 , -88.0548
37.6909 , -88.1297
37.12 , -88.63
37.1376 , -88.7162
37.1477 , -88.7028
37.1303 , -88.64
37.2133 , -89.0028
37.1615 , -89.0834
37.1716 , -89.0889
37.2279 , -89.0167
37 , -89.18
36.9803 , -89.1474
36.9878 , -89.1392
37.0098 , -89.1683
38.03 , -88.05
38.1257 , -88.0078
38.1265 , -87.9455
38.0589 , -87.9792
38.42 , -87.77
38.4136 , -87.7449
38.4794 , -87.742
38.4761 , -87.7536
38.4 , -87.73
38.4103 , -87.7448
38.359 , -87.7911
38.3524 , -87.7554
38.13 , -87.93
38.0487 , -87.9552
38.0605 , -87.9644
38.0852 , -87.9557
38.1329 , -87.9395
38.3964 , -87.6895
38.3773 , -87.6888
38.3809 , -87.5391
38.4087 , -87.5651
38.49 , -87.5447
38.4908 , -87.5334
38.498 , -87.5056
38.5028 , -87.5164
38.4978 , -87.5294
38.5 , -87.28
38.5199 , -87.2659
38.5417 , -87.2115
38.5185 , -87.157
38.5005 , -87.1019
36.9625 , -88.4897
36.9604 , -88.5303
36.9912 , -88.5711
37.0193 , -88.563
37.0203 , -88.5343
36.92 , -88.52
36.9398 , -88.5088
36.9366 , -88.5558
36.8699 , -88.5593
36.8747 , -88.505
36.795 , -88.1791
36.801 , -88.1396
36.9997 , -88.2582
36.9965 , -88.2931
37 , -88.23
37.0074 , -88.2587
36.8453 , -88.148
36.8602 , -88.1183
37.05 , -88.07
37.0604 , -88.0867
37.0531 , -88.1032
36.9656 , -88.0303
36.9613 , -87.9936
38.13 , -91.77
36.62 , -93.22
37.23 , -93.4
36.92 , -91.89
37.59 , -94.18
37.49 , -94.28
31.9869 , -80.8519
31.1011 , -92.2172
31.0974 , -92.2122
31.26 , -92.49
30.98 , -94.26
31.17 , -93.56
28.9285 , -95.2913
28.7101 , -95.9141
28.446 , -96.396
37.1903 , -92.3834
37.2543 , -92.3271
37.3015 , -92.2533
37.3844 , -92.1495
38.96 , -84.38
38.65 , -83.79
38.99 , -84.64
39.01 , -84.59
38.64 , -84.56
38.68 , -84.43
38.73 , -84.09
38.68 , -84.35
38.68 , -84.32
38.54 , -84.8
38.7854 , -84.9004
38.6413 , -84.5637
39.34 , -82.99
39.3381 , -83.0071
39.3189 , -83.0046
39.3244 , -82.977
39.54 , -82.4
39.5409 , -82.411
39.5367 , -82.4122
39.5354 , -82.3971
39.6 , -82.94
39.6352 , -82.9453
39.638 , -82.8876
39.586 , -82.8943
39.13 , -82.98
39.0658 , -82.9539
39.059 , -82.9707
39.1175 , -82.99
39.4381 , -82.8376
39.2638 , -82.8321
39.2236 , -83.3326
39.4096 , -83.1771
39.35 , -83.39
39.2872 , -83.4162
39.2969 , -83.5743
39.3866 , -83.5319
39.05 , -82.98
39.0504 , -82.9672
39.0536 , -82.9697
39.0529 , -82.9837
39.91 , -82.75
39.9104 , -82.6518
39.8334 , -82.64
39.8366 , -82.7372
40.06 , -82.4
40.1686 , -82.4124
40.1711 , -82.6101
40.0621 , -82.6252
39.23 , -82.78
39.2326 , -82.7799
39.2317 , -82.7765
39.2299 , -82.7766
39.2934 , -83.0424
39.2964 , -83.0385
39.2948 , -83.0362
39.292 , -83.0414
39.4 , -83.06
39.398 , -83.0614
39.3975 , -83.0578
39.4006 , -83.0575
39.55 , -82.4
39.564 , -82.3915
39.5614 , -82.3789
39.5479 , -82.3897
40.3286 , -84.3936
29.1338 , -83.0309
28.8699 , -82.6685
27.7606 , -82.6269
27.173 , -82.924
26.72 , -82.26
27.74 , -82.7
27.7638 , -82.5484
27.8045 , -82.5135
27.5282 , -82.8761
27.6973 , -82.747
38.33 , -89.0485
37.9979 , -89.2979
38.5 , -88.65
37.29 , -89.48
37.27 , -89.18
37.73 , -88.93
37.83 , -88.62
38.02 , -89.2392
37.7616 , -89.0737
37.7893 , -88.8943
37.9512 , -88.0651
37.9742 , -88.0359
37.1759 , -88.7551
37.198 , -88.5648
37.7845 , -88.85
37.7956 , -88.8176
37.8122 , -88.707
37.8469 , -88.5141
37.8109 , -89.3818
37.8109 , -89.3818
37.8071 , -88.7347
37.8122 , -88.707
38.35 , -87.6254
37.23 , -87.48
37.229 , -87.18
37.22 , -88.45
37.0558 , -88.3751
36.85 , -88.61
36.7863 , -87.5861
36.85 , -87.48
37.2461 , -88.392
37.2798 , -88.3259
36.6945 , -88.7265
36.7001 , -88.7134
36.7086 , -89.0355
36.7097 , -89.0299
36.7416 , -88.9192
36.7445 , -88.9147
27.61 , -82.77
27.0725 , -82.4528
27.7567 , -82.6931
36.3235 , -87.7358
31.17 , -98.07
31.13 , -97.92
31.1 , -97.7
31.07 , -98.18

31.11 , -97.98
31.08 , -97.45
31.47 , -96.93
31.13 , -97.73
31.4 , -96.56
31.1 , -97.35
31.61 , -96.5
31.4895 , -96.3727
33.783 , -95.3701
31.62 , -97.87
33.67 , -95.55
33.65 , -95.53
33.64 , -95.51
33.78 , -96.59
33.8 , -96.85
33.75 , -96.55
33.78 , -96.59
33.8 , -96.85
33.77 , -96.8
33.79 , -96.69
33.63 , -96.57
33.63 , -96.57
32.97 , -97.68
33.75 , -96.67
32.85 , -97.27
32.83 , -97.25
32.83 , -97.08
32.83 , -97.08
32.85 , -97.13
32.82 , -96.92
33.45 , -96.01
32.81 , -96.89
32.87 , -96.79
31.63 , -97.94
32.9 , -96.57
33 , -96.52
32.93 , -96.45
33.23 , -96.82
33.23 , -96.82
33.26 , -96.78
33.28 , -96.78
33.32 , -96.8
33.23 , -96.82
33.1752 , -96.7225
33.1752 , -96.7225
33.2098 , -96.6648
33.2 , -96.62
33.09 , -96.65
33.1 , -96.68
33.1123 , -96.7682
33.0696 , -96.7096
33.0716 , -96.7368
33.05 , -96.71
33.02 , -96.55
33.23 , -96.82
33.0716 , -96.7502
33.17 , -95.4
31.85 , -97.4
31.77 , -97.45
31.63 , -97.94
31.07 , -98.06
31.91 , -97.04
31.97 , -97
32.1 , -96.8
32.12 , -96.49
31.07 , -97.47
31.07 , -97.47
31.4533 , -97.4131
30.8645 , -98.4394
30.8686 , -98.4658
30.86 , -98.45
30.89 , -98.47
30.98 , -98.23
30.9496 , -98.1435
29.44 , -98.36
29.45 , -98.36
29.3586 , -98.1369
29.35 , -98.07
31 , -97.95
30.54 , -97.58
30.2116 , -97.8809
30.1974 , -97.8087
30.98 , -98.02
30.98 , -98.01
34.75 , -97.21
34.17 , -96.89
34.1 , -96.77
34.04 , -96.68
34.02 , -96.66
33.98 , -96.57
33.03 , -97.52
33.22 , -97.15
33.28 , -97.15
33.6699 , -96.6996
33.72 , -96.67
32.32 , -97.49
32.3 , -97.54
32.35 , -97.45
32.89 , -97.44
32.89 , -97.44
32.32 , -97.35
33.22 , -97.15
33.2 , -97.13
33.47 , -96.92
33.22 , -97.1
33.45 , -96.75
32.58 , -97.32
32.58 , -97.32
32.93 , -97.25
33.53 , -96.7
33.08 , -97.1
33.14 , -97.1
33.52 , -96.48
33.63 , -96.57
33.63 , -96.57
33.7137 , -96.6645
33.15 , -97.07
33.33 , -96.98
33.52 , -96.48
33.22 , -97.15
33.52 , -96.48
33.45 , -96.42
33.18 , -96.96
33.56 , -96.57
33.6 , -96.36
33.23 , -96.82
33.19 , -96.77
33.2 , -96.78
33.15 , -96.81
32.57 , -97.13
33.15 , -96.81
33.24 , -96.62
33.2 , -96.62
33.59 , -96.18
33.6 , -96.18
33.3 , -96.4
31.6453 , -98.1448
33.62 , -96.22
33.24 , -96.62
33.23 , -96.61
33.21 , -96.61
33.26 , -96.62
33.21 , -96.6
31.62 , -97.87
31.77 , -97.83
31.47 , -97.99
31.77 , -97.88
31.78 , -97.58
31.78 , -97.6
31.64 , -97.55
31.65 , -97.32
32.95 , -97.33
31.62 , -97.87
33.38 , -96.25
31.82 , -97.3
31.85 , -97.37
32.01 , -97.33
31.65 , -97.32
31.85 , -97.22
31.8 , -97.28
31.53 , -97.45
31.81 , -97.24
31.78 , -97.16
31.92 , -97.08
31.55 , -97.15
31.67 , -97.1
31.62 , -97.1
31.62 , -97.15
31.58 , -97.08
31.55 , -97.15
31.62 , -97.1
31.68 , -96.99
31.62 , -97.03
31.67 , -96.97
31.85 , -96.8
31.88 , -96.72
32.02 , -96.57
32.13 , -96.51
32.11 , -96.48
32.1 , -96.47
31.68 , -96.62
31.13 , -97.73
31.06 , -97.65
32.33 , -96.14
32.17 , -96.02
33.37 , -97.25
32.93 , -98.28
32.94 , -98.15
32.91 , -98.23
32.87 , -97.85
32.8 , -98.1
32.8 , -98.1
32.84 , -97.8
32.72 , -98.43
32.68 , -98.05
32.93 , -98.25
34.3256 , -117.3952
34.3197 , -117.3976
34.3084 , -117.3501
34.3161 , -117.3472
34.183 , -117.1884
34.2136 , -117.1519
34.1997 , -117.1343
34.179 , -117.1361
34.1728 , -117.1622
33.8796 , -117.6533
33.8823 , -117.6401
33.8708 , -117.6202
33.8644 , -117.6133
47.449 , -122.4008
32.6796 , -117.2089
41.2 , -72.12
41.31 , -72.08
36.2513 , -81.8486
36.2255 , -81.7985
36.2266 , -81.7862
36.2401 , -81.8004
36.2526 , -81.8402
42.8988 , -76.9773
46 , -123.92
46.2867 , -124.0628
39.89 , -85.95
39.64 , -86.84
39.97 , -86.11
40.21 , -85.39
-14.3289 , -170.8211
-14.2408 , -169.4492
-14.3309 , -170.8164
-14.2366 , -169.429
-14.1928 , -169.6201
-14.2704 , -170.6812
27.77 , -97.5
27.7753 , -97.3998
27.6915 , -97.3321
27.6356 , -97.385
34.86 , -86.73
34.85 , -86.57
34.57 , -88.13
34.46 , -88.13
34.4516 , -88.0225
34.52 , -87.29
34.49 , -87.28
34.47 , -87.06
34.3 , -87
34.99 , -86.89
34.32 , -86.5
34.15 , -86.87
34.17 , -86.84
34.32 , -86.5
34.32 , -86.34
34.1278 , -86.6896
34.15 , -86.62
34.2 , -86.16
34.17 , -86.88
34.3 , -86.55
34.5 , -87.72
34.51 , -87.72
34.5 , -87.73
35 , -87.3
34.48 , -87.29
34.9907 , -87.1538
34.93 , -86.99
34.97 , -86.89
34.9627 , -86.8554
34.992 , -86.9002
35.2257 , -86.0669
35.2552 , -86.0127
28.58 , -81.46
28.62 , -81.2
28.52 , -81.19
28.56 , -80.82
28.54 , -80.57
28.4746 , -80.5743
28.46 , -80.59
28.4338 , -80.5734
28.4048 , -80.6519
28.43 , -80.71
29.28 , -81.06
29.14 , -81.36
29.2335 , -81.0181
29.22 , -81.07
29.24 , -81.04
27.54 , -80.74
28.43 , -80.81
28.65 , -81.19
28.47 , -80.72
28.48 , -81.42
28.48 , -81.31
37.9178 , -92.8082
28.64 , -80.75
28.46 , -80.57
28.54 , -80.57
28.477 , -80.594
28.46 , -80.59
28.4338 , -80.5734
28.101 , -80.612
28.47 , -80.72
28.4048 , -80.6519
28.5598 , -80.8035
28.4299 , -80.723
29.2335 , -81.0181
29.24 , -81.04
29.28 , -81.06
31.11 , -86.04
31.16 , -85.91
31.03 , -85.87
36.5457 , -88.0408
36.6829 , -88.0704
36.6816 , -88.1054
36.5405 , -88.0772
36.9 , -87.97
36.8946 , -87.9968
36.7683 , -87.9673
36.7743 , -87.9419
36.8556 , -87.9237
37.7 , -88.13
37.7113 , -88.1442
37.6734 , -88.1636
37.6719 , -88.1447
37.37 , -88.48
37.3767 , -88.5002
37.2356 , -88.5437
37.2687 , -88.5097
37.47 , -88.17
37.45 , -88.3
37.4633 , -88.2832
37.4802 , -88.1829
37.12 , -88.63
37.1366 , -88.7231
37.1445 , -88.7132
37.1347 , -88.6376
37.18 , -89.08
37.096 , -89.151
37.0815 , -89.1542
37.1212 , -89.1064
37.1724 , -89.0726
37.213 , -89.015
37.2272 , -89.0268
37 , -89.18
36.9789 , -89.1455
36.9899 , -89.1398
37.0252 , -89.1767
37.0574 , -89.1871
37.0306 , -89.1939
38.4482 , -87.75
38.4479 , -87.733
38.42 , -87.7441
38.3853 , -87.77
38.342 , -87.8258
38.3592 , -87.8418
37.206 , -119.2027
29.0757 , -95.1226
29.2489 , -94.852
29.4682 , -94.6167
28.314 , -95.62
37.3872 , -92.1234
37.5234 , -91.9248
37.5767 , -91.8494
36.99 , -91.97
27.7593 , -82.6916
33.3675 , -94.6335
33.3791 , -95.239
33.0254 , -94.5781
33.0119 , -94.3812
33.1798 , -94.971
32.936 , -94.373
32.9436 , -94.2486
32.753 , -94.3405
32.5416 , -94.3268
32.5439 , -94.3505
32.429 , -94.2323
32.4053 , -94.2159
32.581 , -94.58
32.4697 , -94.6699
32.5189 , -94.6845
32.521 , -94.3701
32.17 , -94.35
31.9502 , -94.2454
31.2844 , -94.6009
31.3426 , -94.6901
31.9495 , -94.229
32.1748 , -95.2584
32.9832 , -94.415
33.1077 , -94.4542
35.66 , -105.14
35.082 , -106.7465
35.2085 , -106.6494
34.41 , -103.2
34.41 , -103.2
34.41 , -103.2
34.41 , -103.2
34.4501 , -103.1799
34.41 , -103.2
34.41 , -103.2
34.41 , -103.2
34.45 , -103.18
34.43 , -103.18
35.18 , -103.72
35.21 , -103.61
40.8599 , -115.7418
34.54 , -102.97
34.23 , -102.73
34.5705 , -102.2952
34.02 , -100.82
34.49 , -100.51
34.55 , -100.58
33.86 , -100.84
22.2092 , -159.5748
22.202 , -159.3997
21.6044 , -157.92
21.3 , -157.8115
33.9681 , -94.7514
32.9 , -92.24
32.6546 , -92.3987
32.3063 , -92.4508
32.2573 , -92.3963
32.72 , -92.34
32.8916 , -93.8784
32.4326 , -93.86
32.3976 , -93.7758
32.3842 , -93.7174
32.0134 , -94.0084
32.6983 , -93.7405
32.2226 , -92.1097
32.2904 , -92.09
32.4319 , -93.7211
32.29 , -92.0889
32.0994 , -93.9515
32.46 , -93.7
32.7537 , -92.3947
32.45 , -93.65
32.2522 , -92.7099
32.3282 , -93.3002
32.3128 , -93.2773
32.2705 , -93.29
32.3434 , -93.2126
32.0137 , -93.4824
32.0172 , -93.4619
32.0172 , -93.4619
32.0126 , -93.3101
32.5219 , -92.1516
32.263 , -92.2565
32.4149 , -93.6965
32.4281 , -93.7069
31.8234 , -93.5173
32.1003 , -92.0732
31.6748 , -93.0452
31.6073 , -92.9872
31.61 , -92.9753
32.2438 , -92.6089
32.4733 , -93.6705
32.2799 , -93.9583
32.1225 , -92.8383
32.3411 , -93.2113
32.2869 , -93.3228
32.2644 , -93.3339
32.3099 , -93.2676
32.3665 , -93.2665
32.2977 , -93.2835
32.3846 , -93.1897
32.335 , -93.246
32.3014 , -93.279
32.2618 , -93.2781
47.13 , -104.8
46.8486 , -105.2422
46.7503 , -105.0801
46.6678 , -105.2896
46.8298 , -105.4252
46.73 , -104.97
30.2 , -103.25
30.2 , -103.25
30.3802 , -103.6581
30.3967 , -103.6572
41.38 , -86.44
41.38 , -86.5
41.41 , -86.4
41.73 , -85.06
30.49 , -86.13
30.87 , -91.67
30.8404 , -91.2313
30.33 , -89.33
30.33 , -89.33
28.6 , -91.2
28.64 , -89.79
30.0307 , -90.7584
30.0298 , -90.7376
29.8802 , -90.435
31.2656 , -90.4718
29.26 , -89.96
30.21 , -88.5
28.93 , -89.41
29.179 , -89.259
28.64 , -89.79
29.3 , -88.84
29.25 , -88.44
29.25 , -88.44
29.21 , -88.21
29.21 , -88.21
37.3754 , -120.6703
37.374 , -120.6703
38.15 , -88.02
38.1402 , -87.9384
37.9887 , -88.0157
37.927 , -88.0455
38.005 , -88.0932
38.0769 , -88.0656
38.08 , -88.17
38.0427 , -88.211
38.0044 , -88.2175
38.0337 , -88.17
38.0917 , -88.1245
37.88 , -89
38 , -88.9576
38.0099 , -88.9906
37.943 , -89.05
37.8768 , -89.05
37.78 , -89.3886
37.7617 , -89.3899
37.75 , -89.363
37.7449 , -89.3365
37.95 , -87.42
37.9406 , -87.4151
37.9013 , -87.3098
37.9156 , -87.3136
30.61 , -94.412
30.7627 , -94.1647
30.7913 , -94.1811
30.7951 , -94.4434
30.23 , -93.99
30.1972 , -94.0779
30.1022 , -94.0599
30.1279 , -93.8815
30.1992 , -93.8719
29.69 , -91.31
30.2384 , -93.5991
30.2436 , -93.5857
30.3839 , -93.2834
30.3949 , -93.1777
30.3191 , -93.1951
30.325 , -93.1642
30.5473 , -92.8405
30.5215 , -92.7721
31.2843 , -92.4413
31.3329 , -92.3977
31.376 , -92.4308
37.1786 , -119.1984
37.1804 , -119.209
37.2014 , -119.2183
37.7203 , -119.6755
40.4 , -82.48
40.3673 , -82.519
40.3478 , -82.3984
40.397 , -82.387
40.47 , -83.08
40.4965 , -83.0347
40.4352 , -83.0362
40.4309 , -83.0893
42.7276 , -87.7362
43.0449 , -87.8803
37.64 , -91.54
36.69 , -91.8
36.62 , -93.19
36.66 , -93.13
28.6 , -91.2
30.3425 , -89.1427
30.3469 , -89.14
29.87 , -89.67
30.3893 , -91.0616
30.3809 , -91.0384
30.9703 , -90.7013
30.97 , -90.7
30.7985 , -90.5854
30.79 , -90.51
30.7811 , -90.5375
30.7762 , -90.4771
30.89 , -91.35
30.86 , -91.01
30.4077 , -91.001
30.4 , -91.07
30.8191 , -90.663
30.68 , -90.65
30.7767 , -90.5102
30.3426 , -90.7287
30.28 , -89.78
30.7988 , -90.613
30.7985 , -90.5854
30.31 , -89.33
30.3442 , -89.3338
30.3455 , -89.3997
30.2798 , -89.3822
30.4938 , -89.3819
30.4943 , -89.5347
30.3578 , -89.5273
30.3895 , -89.3862
30.36 , -89.17
30.364 , -89.1446
30.3455 , -89.1421
30.3345 , -89.1761
30.36 , -89.17
30.38 , -89.1233
30.3823 , -89.0982
30.3614 , -89.0989
30.3368 , -89.17
30.3037 , -89.2838
30.3675 , -89.2764
30.3742 , -89.1846
30.3301 , -89.1878
30.52 , -89.11
30.5149 , -89.1246
30.5352 , -89.1235
30.5385 , -89.1155
30.6683 , -89.2193
30.6705 , -89.0833
30.5014 , -89.0627
30.5038 , -89.2048
30.4498 , -89.0749
30.4611 , -89.0551
30.4309 , -89.0523
30.4203 , -89.0955
30.4487 , -89.0976
30.6207 , -89.6539
30.6228 , -89.6518
30.3436 , -89.1427
30.3511 , -89.1372
30.65 , -88.76
30.64 , -88.73
30.4419 , -88.8597
30.4542 , -88.8418
30.68 , -88.58
30.6782 , -88.5759
31.1 , -91.3
31.14 , -91.32
31.23 , -90.58
31.02 , -90.66
31.23 , -90.47
31.12 , -90.14
31.12 , -90.14
30.67 , -89.64
30.79 , -89.39
30.65 , -88.72
31.33 , -90.12
29.465 , -90.3226
29.4686 , -90.3073
38.93 , -82.1
39.28 , -80.57
38.9857 , -81.97
38.85 , -82.02
38.85 , -82.13
38.86 , -82.13
38.86 , -82.07
38.86 , -81.88
38.87 , -81.82
37.46 , -81.81
37.3 , -81.68
37.39 , -81.63
39.3 , -80.78
39.2944 , -80.7529
39.282 , -80.7605
39.2929 , -80.7829
39.4537 , -81.0705
39.4289 , -81.0293
39.3909 , -81.1135
39.3797 , -81.1746
39.4125 , -81.1799
39.3834 , -81.0072
39.4703 , -81.0241
39.5096 , -80.9278
39.464 , -80.8849
38.9652 , -81.7798
38.9311 , -81.7548
38.9433 , -81.7341
38.97 , -81.7602
32.8 , -97.6
32.63 , -97.8
32.65 , -97.86
32.63 , -97.8
32.27 , -97.92
32.82 , -97.31
32.32 , -97.75
32.83 , -97.25
32.83 , -97.25
32.82 , -97.15
32.27 , -97.41
32.23 , -97.47
32.27 , -97.32
32.28 , -97.41
32.23 , -97.38
32.48 , -96.98
32.53 , -96.88
32.48 , -96.98
32.48 , -96.98
32.4 , -96.85
32.46 , -96.85
30.33 , -82.76
29.67 , -82.85
29.59 , -81.28
29.43 , -81.37
29.57 , -81.21
29.6534 , -82.3224
29.6517 , -82.3437
29.6494 , -82.3399
37.7938 , -87.12
37.7832 , -87.0955
37.93 , -86.9653
37.9418 , -87.0196
37.8902 , -87.063
37.9626 , -87.5721
37.92 , -87.5713
37.9206 , -87.4747
37.9452 , -87.4512
37.93 , -87.9
37.8857 , -87.9482
37.845 , -87.93
37.9223 , -87.8563
38.4 , -87.73
38.4113 , -87.7444
38.3234 , -87.8139
38.3239 , -87.7513
38.0708 , -87.9533
38.1013 , -87.9664
38.1234 , -87.9504
38.1206 , -87.9349
38.0722 , -87.9526
38.42 , -87.58
38.4143 , -87.7117
38.3877 , -87.7143
38.3744 , -87.6364
38.3848 , -87.5256
38.42 , -87.4759
38.48 , -87.53
38.4892 , -87.5418
38.5041 , -87.5173
38.4928 , -87.4922
38.5 , -87.28
38.5078 , -87.3039
38.542 , -87.2264
38.5409 , -87.1723
38.5215 , -87.0925
37.23 , -89.57
37.24 , -89.4828
37.2891 , -89.5219
37.276 , -89.5499
36.6 , -89.53
36.5746 , -89.5169
36.5355 , -89.4497
36.5725 , -89.41
36.97 , -89.15
36.9668 , -89.103
36.8619 , -89.1255
36.7406 , -89.1315
36.7506 , -89.1594
36.8754 , -89.178
37.77 , -87.12
37.82 , -87.25
37.8755 , -87.2762
37.8101 , -87.141
37.92 , -87.37
37.93 , -87.4422
37.9101 , -87.4911
37.9022 , -87.58
37.8833 , -87.4531
37.5883 , -88.1257
37.6847 , -88.1394
37.7911 , -87.9943
37.7994 , -87.9146
37.43 , -88.25
37.47 , -88.07
37.47 , -88.08
37.4464 , -88.2294
37.2364 , -88.4294
37.2715 , -88.5016
37.1457 , -88.4177
37.1542 , -88.4038
37.1893 , -88.4115
37.17 , -88.9
37.2034 , -88.8826
31.2984 , -92.4803
30.8432 , -93.2901
30.5278 , -93.5702
30.4325 , -93.4315
30.6017 , -93.2324
30.8142 , -93.2049
30.8419 , -93.2883
30.5235 , -93.5699
30.434 , -93.4305
30.6029 , -93.2314
30.8095 , -93.2042
36.08 , -82.01
34.92 , -83.39
34.536 , -83.153
34.626 , -83.49
34.692 , -83.438
34.65 , -83.2
34.84 , -83.02
29.48 , -93.64
29.7675 , -93.3431
29.71 , -91.88
29.12 , -91.87
28.72 , -96.25
28.43 , -96.43
28.72 , -95.88
29.54 , -94.9109
29.4236 , -94.8897
29.2489 , -94.852
29.4682 , -94.6167
28.314 , -95.62
29.23 , -94.4
28.9285 , -95.2913
29.406 , -95.4343
29.406 , -95.434
37.716 , -119.6753
37.7134 , -119.6643
37.7181 , -119.6529
30.3146 , -95.4697
43.7494 , -87.7049
43.7495 , -87.7049
36.9503 , -92.6126
42.53 , -83.1
42.41 , -83.21
37.15 , -82.46
37.22 , -82.33
36.61 , -93.1
37.17 , -92.81
37.96 , -91.75
38 , -91.62
29.6499 , -82.3215
29.96 , -81.49
29.98 , -81.49
29.95 , -81.5
29.95 , -81.49
29.6 , -81.21
29.58 , -81.24
29.4195 , -81.3796

29.27 , -81.23
29.05 , -82.44
30.52 , -82.96
30.02 , -82.96
29.19 , -82.13
29.19 , -82.06
29.19 , -82.06
29.79 , -82.03
30.25 , -81.8
30.15 , -81.77
29.99 , -81.68
30.34 , -81.6
29.47 , -81.46
29.9 , -81.38
29.47 , -81.46
30.0558 , -82.9821
31.6 , -81.89
30.87 , -81.59
30.33 , -81.6257
30.39 , -81.52
30.39 , -81.48
30.33 , -81.52
30.39 , -81.42
29.96 , -81.34
30.29 , -81.38
29.47 , -81.21
34.67 , -80.72
34 , -80.99
33.94 , -81.26
33.79 , -81.21
33.56 , -81.69
34.22 , -80.66
33.55 , -81.68
34.26 , -80.6
33.94 , -80.77
34.03 , -80.58
34.02 , -80.47
33.91 , -80.09
33.48 , -80.39
33.62 , -80.19
34.03 , -80.33
33.9748 , -80.4699
33.9403 , -81.1192
33.9213 , -80.7994
33.9714 , -80.9943
33.52 , -82.03
33.467 , -82.0366
33.368 , -81.965
30.2876 , -84.399
30.6 , -84.6
30.48 , -84.22
30.06 , -83.53
30.4385 , -84.2654
29.47 , -83
30.9005 , -84.2556
30.8231 , -83.9934
31.0291 , -83.7622
31.0714 , -83.7266
31.64 , -84.46
31.66 , -84.08
33.7336 , -94.7232
33.7156 , -94.7242
33.6967 , -94.6723
33.7401 , -94.6735
34.0208 , -95.1431
33.9441 , -95.148
33.9307 , -95.0291
34.0145 , -95.0237
34.1221 , -94.9252
33.9587 , -94.935
33.9043 , -94.7327
34.0817 , -94.5496
34.1453 , -95.152
34.0801 , -95.1526
34.0789 , -95.0985
34.1462 , -95.1156
34.0055 , -95.103
33.9951 , -95.0336
33.9844 , -95.0338
33.9994 , -95.1024
34.1144 , -93.888
34.1098 , -93.8862
34.1113 , -93.88
34.1157 , -93.8819
33.429 , -93.8586
33.4204 , -93.8595
33.4174 , -93.854
33.4287 , -93.8538
33.7507 , -94.4339
33.6671 , -94.4465
33.6652 , -94.3475
33.7545 , -94.3342
33.46 , -95.2687
33.4537 , -95.2688
33.454 , -95.2655
33.46 , -95.2655
33.5068 , -95.1057
33.4957 , -95.1032
33.4969 , -95.096
33.5066 , -95.0991
32.3055 , -94.1674
32.5593 , -93.9784
32.8039 , -93.2694
32.1055 , -94.8546
32.1188 , -94.8292
32.8286 , -92.6588
32.7813 , -92.4058
48.4461 , -119.4687
48.4468 , -119.4749
48.4497 , -119.4749
48.4494 , -119.4718
33.3387 , -102.3238
33.3385 , -102.322
27.61 , -82.76
27.8407 , -82.5315
27.6 , -82.65
28.9 , -82.6
27.5 , -81.87
27.49 , -81.45
27.4911 , -81.8309
27.373 , -81.2039
27.4552 , -81.3415
29.48 , -82.86
28.69 , -82.2
27.77 , -82.64
27.82 , -82.6
27.5071 , -81.4547
27.7624 , -82.6864
37.9403 , -122.5158
37.9405 , -122.5159
37.9405 , -122.5158
37.9404 , -122.5158
37.3802 , -121.9096
37.3803 , -121.9094
37.3802 , -121.9094
37.3802 , -121.9095
38.1507 , -122.4492
38.1509 , -122.4491
38.1509 , -122.4492
38.1507 , -122.4493
37.9489 , -122.5355
37.949 , -122.5357
37.949 , -122.5357
37.9489 , -122.5356
38.0525 , -122.2268
38.0525 , -122.2269
38.0524 , -122.227
38.0524 , -122.2268
37.7498 , -122.3921
37.7501 , -122.3922
37.7499 , -122.3923
37.7498 , -122.3922
37.3232 , -121.9985
37.3228 , -121.9986
37.323 , -121.999
37.3233 , -121.9989
37.7065 , -122.4713
37.1014 , -88.5984
37.0894 , -88.5972
37.0434 , -89.1167
37.1878 , -88.9265
37.2161 , -88.9688
37.1781 , -89.055
37.0717 , -89.155
36.97 , -89.08
36.97 , -89.1036
36.9058 , -89.1133
36.9078 , -89.08
36.8872 , -89.1182
36.8393 , -89.1316
36.7836 , -89.1205
36.8347 , -89.1
36.77 , -89.1
36.7656 , -89.1134
36.6601 , -89.16
36.6647 , -89.1191
36.57 , -89.18
36.5307 , -89.3882
36.5672 , -89.3816
36.5968 , -89.3059
37.2372 , -86.9428
37.2351 , -86.9564
37.2627 , -86.992
37.2993 , -86.999
37.3017 , -86.9858
37.53 , -87.27
37.5351 , -87.2636
37.535 , -87.2548
37.485 , -87.1148
37.4699 , -87.13
35.1597 , -90.153
35.1605 , -90.1373
35.1526 , -90.1345
35.1527 , -90.1556
35.2907 , -90.4761
35.2842 , -90.4927
35.2762 , -90.4825
35.2762 , -90.4715
34.9583 , -90.1018
34.9588 , -90.0903
34.9385 , -90.0925
34.939 , -90.1033
35.3299 , -89.8364
35.3296 , -89.8323
35.3241 , -89.8331
35.3238 , -89.8382
35.352 , -89.7463
35.3519 , -89.7377
35.3492 , -89.7394
35.3482 , -89.7477
35.8823 , -89.2824
35.8637 , -89.07
35.8079 , -89.0444
35.8229 , -89.3329
35.631 , -89.2223
35.6362 , -89.2024
35.6246 , -89.1996
35.6209 , -89.2149
35.1235 , -89.5766
35.0245 , -89.5738
35.0246 , -89.4303
35.1134 , -89.4125
35.2243 , -89.096
35.1625 , -89.0764
35.1793 , -88.9567
35.2354 , -88.9501
35.3024 , -88.1168
35.3043 , -88.116
35.3041 , -88.1144
35.3039 , -88.1134
35.3018 , -88.1143
35.6225 , -88.4975
35.5532 , -88.5052
35.5424 , -88.3543
35.6186 , -88.3371
35.0769 , -88.5491
35.0441 , -88.4035
35.3211 , -88.4618
35.3363 , -88.5354
35.537 , -89.7705
35.57 , -89.67
35.5252 , -89.6092
35.44 , -89.6332
35.4816 , -89.7976
34.45 , -88.67
34.4412 , -88.6461
29.07 , -95.62
29.05 , -95.7
29.43 , -95.25
29.37 , -95.14
29.65 , -95.33
29.2989 , -94.7816
29.2978 , -94.7892
30.1797 , -96.582
30.1259 , -96.3921
30.3119 , -96.1728
30.3104 , -96.3616
30.71 , -95.55
30.7096 , -95.5391
30.7373 , -95.4019
30.77 , -95.18
29.7752 , -95.7018
30.8224 , -95.5975
30.819 , -95.5965
30.8211 , -95.5908
30.8243 , -95.5932
36.02 , -95.72
35.2704 , -94.4168
35.2806 , -94.384
35.2932 , -94.42
35.4795 , -93.8049
35.4834 , -93.7807
35.5 , -93.7767
36 , -93.7
35.9836 , -93.7004
35.9835 , -93.6548
36.0032 , -93.6566
36.25 , -94.28
36.2528 , -94.4777
36.3508 , -94.409
36.3669 , -94.3026
36.1102 , -94.5573
36.1533 , -94.57
36.1487 , -94.6055
36.12 , -94.6005
