latitude,longitude
43,-88.8
45,-93.4
41.8,-85
30.1,-91
43,-98.1
33,-94.6
36.4,-83
40,-88.6
40.7,-90
32.7,-96
36,-96.1
43,-88.8
36.4,-83
31.2,-94
38,-100
38,-100
35.9,-87
43.8,-83
36.5,-77
42.8,-71
45,-98.5
35.5,-83
40,-75
40,-74.6
42,-84.3
41,-98.6
42,-92.2
43.5,-76
31.6,-93
36.7,-97
34.8,-80
36,-96.1
38.8,-96
33,-87.1
37.8,-97
40.1,-99
33,-84.2
36.2,-95
43,-73.2
35.6,-97
35,-82.1
33,-94.6
42,-92.2
45,-72.4
41.7,-98
40,-80
41,-80.5
39.5,-84
38,-89.9
33.9,-89
43,-73.2
39.7,-89
31,-90.4
38.2,-79
33.9,-89
34.3,-87
33.5,-81
41.1,-84
41.1,-84
36,-81.9
36,-81
32.7,-96
35,-79.3
39.2,-80
42.6,-95
33.9,-89
33.9,-89
35.4,-91
40.5,-99
42,-104
30,-91.9
37.2,-85
34.5,-89
41.1,-84
37,-85.7
33,-82.4
39.4,-85
40,-84.4
33,-81.3
38.3,-88
34,-82.5
45,-93.4
35.5,-76
35.3,-85
41.1,-84
36.4,-83
30,-93.4
36,-96.1
38.8,-77
39,-83.8
41,-95.6
30.1,-91
41,-98.6
31,-90.5
34.1,-98
36.4,-83
41.7,-98
40,-96.8
42.4,-95
40.4,-76
40,-80
40.4,-76
45,-72.1
40.4,-76
35,-81.1
43.8,-83
39.7,-89
39,-94.7
36,-97.2
35,-81.1
40,-79.9
34,-98.5
36,-96.1
35,-92.8
43,-88.8
48.5,-98
40,-81.5
34,-98.5
38.1,-98
34,-81.6
45.3,-88
33.4,-94
38.3,-90
37,-87.8
35.5,-76
36.4,-83
30,-98.4
