latitude,longitude
36,-92
36,-92
36.4,-83
34,-86.6
42,-73.2
34,-79.2
35,-92.8
32.7,-96
33.3,-99
42.9,-89
33,-91.3
35,-92.8
34.5,-89
39,-82
39,-82.7
34,-79.2
40.8,-85
34.5,-89
45.3,-88
44,-96.4
29.7,-98
39.4,-85
39.6,-97
29.2,-81
30.6,-91
40,-80
38.8,-77
41,-75.2
37.8,-80
37.3,-90
36,-94
32.7,-96
40,-74.6
38.3,-99
42,-86.2
34,-100
35.6,-99
35.9,-96
37,-79.7
41.7,-98
42,-92.5
38,-92.1
38,-92.1
33,-80.8
41,-92.4
41,-95.6
43.8,-83
42,-89.5
32,-94.8
36.2,-93
34,-93.1
36,-96
36,-96.1
43.3,-92
34.9,-93
39,-82
38,-78
35,-95.9
38,-78
37.8,-99
37.8,-99
37.8,-99
32,-95.2
35,-77.7
35,-91.5
38,-77.9
40,-74.8
38,-99.8
46,-96.9
37.1,-77
35.2,-89
36,-92.4
36,-96.1
36,-96
42,-80.1
42,-79.8
35,-77.5
40,-77.1
36,-96
41.7,-98
34,-81
41.1,-90
