latitude,longitude
33.9,-89
33,-94.6
36.3,-97
36.4,-83
32,-87.3
31,-92.3
30.1,-92
45,-94.5
36.9,-96
36.5,-77
34,-79.2
41,-95.6
41.7,-98
42,-97.6
41,-98.6
42,-83.3
43,-88.8
40,-77.6
41.8,-85
40.3,-74
37.2,-82
37.5,-97
42,-73.2
42,-83.3
39,-83.8
41,-95.6
43,-73.2
34,-96.5
42,-79.8
42,-79.8
42.9,-89
32.4,-87
39,-82
34,-96.5
41.8,-88
45,-71.8
40,-77.1
41,-98.6
45,-94.5
36,-96.1
39.4,-85
44.1,-90
39,-95.1
30.1,-91
38.5,-86
33,-81.3
41.9,-90
32.6,-80
30,-98.4
41.1,-80
41,-80.5
37,-100
42,-71.5
35.3,-99
35.9,-87
32.7,-96
38,-92.1
33,-94.6
33.9,-89
33,-82.8
33,-81.3
33,-80.8
33.9,-89
34,-96.7
41.1,-84
