latitude,longitude
45,-93
35.5,-94
45.7,-90
38,-87
31.9,-91
38,-89.9
36.3,-96
36,-96.1
34.5,-89
34.5,-89
33.9,-89
37.2,-93
31.1,-92
37.2,-85
33,-91.3
41.7,-98
34.5,-89
42.6,-95
42.5,-93
35.5,-83
38,-89.9
26,-80.4
39.4,-85
41.7,-98
35,-78.9
36.3,-96
36.7,-96
31.5,-92
38,-89.9
41.2,-76
37.7,-84
30,-98.4
43,-89.7
41.9,-84
39,-94.5
32,-88.8
41.7,-98
30,-99.4
31.6,-90
40.7,-90
35,-92.8
35.5,-76
36.3,-97
38,-87
34.5,-89
43,-88.8
41,-94.2
35.9,-98
42.2,-93
40.4,-97
34,-85.5
46,-98.6
38,-100
42,-83.3
45,-93.4
38,-76
38.8,-77
39.8,-75
35,-80.2
36.4,-83
42,-92.2
40.4,-76
40.4,-76
38.8,-77
43.8,-83
45,-83.8
41.2,-76
43.7,-95
47.5,-95
35,-77.5
33.1,-86
36.5,-78
43.7,-83
42,-71.5
40,-77.1
35,-77.9
39.1,-92
41,-98.6
44.4,-73
37,-80.8
31,-90.5
35.4,-91
35.4,-91
38.8,-77
31,-90.5
33,-81.3
36.4,-83
33,-80.8
33,-82.4
36.5,-90
35.5,-83
42.6,-95
34.4,-83
42,-97.6
35.7,-83
34,-89.2
38.3,-90
33,-80.2
42,-92.1
31.2,-97
36.3,-97
42,-71.5
37,-91.5
39,-91.7
48.2,-97
44.4,-73
38.6,-96
36.4,-83
38,-98.8
35,-80.2
38,-100
29,-81.3
41,-95.7
38,-100
35,-77.5
33,-81.3
40.4,-76
36,-93.2
45,-71.4
42,-95.2
42,-95.2
45,-100
33.5,-82
41.7,-98
41,-95.6
29.5,-83
38,-92.1
36,-89.4
31.8,-90
39,-83.8
42.1,-89
41,-98.6
41,-98
43.7,-71
36.4,-83
36.1,-94
37,-79.8
40,-75
44.1,-89
41.8,-91
30.7,-88
39,-95
45,-85.2
39,-83.8
32.7,-96
30.1,-92
26,-80.4
38,-76
40.7,-90
33,-83.9
34,-86.8
