latitude,longitude
30,-98.4
35,-80.8
31.8,-90
36.2,-80
36.3,-96
41.8,-88
36,-93.7
38.6,-91
30,-98.4
43.8,-83
26,-80.4
42.9,-75
40,-76.6
35.5,-83
40.3,-74
34,-102
37,-91.7
37,-91.7
37,-91.7
45,-93.4
31.8,-90
38.3,-99
38.3,-99
30,-98.4
42,-92.2
39,-94.7
38,-89.9
38,-89.9
45,-73.5
42,-97.6
39,-83.8
39,-83.8
39.8,-89
42,-92.2
42,-92.2
33.9,-89
38.9,-78
43,-88.8
36,-96.1
45,-98.5
41.8,-88
30,-98.4
45.5,-88
34,-93.1
35,-80.2
42,-89.1
43,-84.7
42.6,-95
42,-83.3
42.3,-74
29.5,-81
44,-92.6
43,-73.2
34,-102
42.8,-71
42.8,-71
36,-96.1
38.8,-77
38,-76
42.6,-95
42,-71.5
42,-71.5
33,-91.3
33,-91.3
45,-98.5
41.1,-75
32,-86.2
38.8,-77
39.5,-84
41.1,-75
41.1,-75
45,-72.4
45,-72.4
37.5,-87
45,-98.5
33.9,-89
34.5,-89
34.5,-89
34.5,-89
36,-89.4
31,-90.5
45,-93.4
45,-93.4
42,-83.3
38,-98.6
44.9,-86
43,-86.2
42,-92.2
33.9,-89
34.5,-89
36.4,-83
45,-98.5
35.7,-85
44.4,-73
