latitude,longitude
39.6,-97
41.7,-98
45.7,-93
33,-87.1
27,-99.4
45.2,-95
42,-83.3
38.5,-91
36.3,-96
38,-100
35.9,-87
41.2,-77
35.5,-95
35,-77.5
39.4,-85
40.4,-76
41.1,-84
35,-90.8
33.8,-91
38,-92.1
40,-91.6
43,-95
35.4,-91
44,-103
37,-79.5
48.1,-99
39.7,-86
47.5,-95
47.6,-97
34,-102
41.1,-95
33,-87.1
31.2,-90
46,-97
31.7,-89
38,-92.1
41,-98.6
42,-71.5
42,-71.5
43.4,-96
30.1,-91
35,-92.8
46.8,-98
42,-72.9
34,-79.2
42.3,-74
34.1,-92
47.8,-96
39.4,-85
42.8,-96
42.6,-95
43.8,-83
42.2,-93
37,-98.2
42.6,-96
36.8,-79
35.9,-87
28,-81.7
34.5,-89
39,-96.1
33,-87.1
31.1,-92
36,-93
33,-82.4
35.4,-91
33,-81.3
41,-92.4
41,-92.4
41,-93.2
38,-87
38,-92.1
40,-99.8
33.2,-98
33,-87.6
35.5,-83
41.2,-76
31,-90.5
36.4,-83
33.9,-89
41.1,-75
36,-96.1
32.7,-96
35,-92.8
42.1,-94
40.3,-74
35.7,-91
48,-98
42.8,-71
43,-95.5
40.7,-90
37.1,-82
34.5,-89
