latitude,longitude
38.6,-91
35,-87.2
35,-87.2
36,-96.1
38.3,-99
36,-96.1
41.1,-75
43,-96.5
41,-83.8
34.3,-87
34.3,-87
36,-84.9
36,-84.9
40.5,-91
40.3,-91
30,-80.6
30,-80.5
36.4,-83
44.1,-93
47,-67.8
41.2,-94
34.5,-89
41,-74.1
35,-92.8
38,-76
33.9,-89
42.2,-93
34,-79.2
37.9,-98
40.3,-74
33.9,-89
41,-98.3
42.2,-75
33.9,-89
40.3,-74
37,-85.7
40.7,-90
41,-93.6
36,-93.7
40.7,-72
40.7,-72
40.7,-72
30,-80.5
36,-96.1
36,-96.1
36,-96.1
42,-92.2
39,-104
39,-104
38.9,-99
42,-92.2
37,-91.7
37,-91.7
37,-91.7
37,-91.7
36.6,-80
41.6,-91
36,-93.7
36,-93.7
36,-78.8
33.4,-85
33.4,-85
30.2,-83
35.4,-91
33.4,-85
36.3,-96
