latitude,longitude
37,-94
45,-93
32.7,-96
42.8,-89
38,-86.1
43.6,-84
42,-83.3
41,-98.6
38.9,-78
37,-91.1
37.2,-85
37.2,-85
41.1,-80
41,-80.2
41,-98.6
36.4,-83
43,-88.8
46,-95.5
34.2,-83
42,-71.5
44,-71.7
44,-71.7
36.4,-87
35.8,-87
37,-96.9
43,-73.2
45,-91.6
45,-72.1
43.9,-96
33,-80.8
43.8,-83
37,-79.7
44,-93.7
47.6,-97
31,-90.5
47.1,-98
36,-101
36,-101
42.3,-74
31.1,-92
42.1,-92
38.9,-92
43.6,-95
33,-87.1
33,-82.4
45,-93
40.7,-90
43,-89
35.5,-83
38,-86.1
30,-80.5
30,-80.5
36.4,-83
35.5,-83
35.8,-84
45,-97.1
26,-80.4
41,-83.8
29.5,-81
45.4,-93
45,-93.4
45,-93
42.3,-74
40.4,-76
33,-94.6
39.3,-76
45,-93.4
34,-93.1
37,-91.7
46,-68.7
48,-99.7
40.4,-76
49,-97.2
33.9,-89
44.4,-73
39,-85.2
33,-82.4
38,-87
43.4,-90
44,-96.3
38.5,-90
38,-89.9
44.7,-93
31.2,-90
36,-92.4
40,-91.4
42,-97.6
42,-97.6
37.5,-99
34.9,-85
34.5,-99
39.4,-85
26,-80.4
40,-74.6
38,-92.1
38,-92.1
39.4,-85
38,-96.9
33.8,-89
39,-88.2
32,-90.4
33,-86.2
38,-94
33,-87.1
36.1,-94
31.2,-90
35.5,-76
35,-83.3
40.3,-83
40.3,-83
40.4,-76
34.3,-87
38,-92.1
41.8,-88
35.9,-77
36,-96.1
42,-92.2
34.2,-78
30.1,-92
33,-87.7
36,-97.2
40.4,-76
33,-89.2
45,-72.1
31.8,-90
26.1,-80
41,-93.6
47.9,-97
38,-92.1
30.1,-98
32.7,-96
26,-80.4
37.2,-85
39.8,-98
32,-91
38.2,-79
42.8,-89
38,-92.1
43,-89
43,-97.1
33,-82.4
37.5,-84
35.5,-83
39,-85.8
34,-84.5
43.9,-96
43.3,-96
41.8,-91
42,-71.5
41.6,-85
32.3,-90
37.1,-97
32.1,-91
