latitude,longitude
45.5,-88
38.5,-91
35,-78.6
45,-91.3
44,-83.8
37.8,-85
42,-83.3
43.3,-92
43,-87.9
37.8,-97
41,-89.4
42.9,-93
40.1,-83
26.9,-82
37,-88.4
32.7,-96
35,-77.5
40,-74.6
35.5,-76
37,-82.4
44.5,-73
38,-78
33,-81.3
36.4,-83
35,-83.3
42,-95.2
39.4,-85
34,-82.5
39,-96.8
37,-99.2
41.7,-98
39.5,-84
26.1,-80
34.1,-84
38,-92.1
38,-78
35,-82.7
45,-85.2
40.3,-83
40.4,-76
43,-94.9
38.5,-94
44.5,-98
45.7,-90
38,-99.9
41,-96.1
41.8,-96
38,-84.8
33,-83.9
42.6,-95
34,-79.2
35,-96.3
38.3,-96
37.8,-97
39,-97.2
41,-95.8
38,-92.1
41.4,-92
39,-94
35,-92.8
35.5,-83
38,-86.1
36.4,-83
34.5,-89
38.1,-99
32,-86.2
40,-89.6
36,-92.4
40.3,-83
41,-98.6
35.9,-99
37.8,-99
33,-82.4
36,-93.7
39,-95.1
34,-81.9
41,-92.4
38,-95.3
41,-98.6
36.7,-96
32,-102
31,-103
38,-89.9
38,-89.9
43.3,-92
38,-95.3
45,-93
39,-98.7
35.5,-83
35.5,-83
39,-78.3
45,-93
36,-96.1
43.5,-76
39,-76.6
37,-79.7
37.6,-85
38.8,-77
34,-84.6
36.5,-77
37,-77.4
36.1,-82
36.1,-82
36.4,-83
39,-98.2
41.3,-84
40.7,-95
37,-93.4
35,-77.5
33,-92.4
42.8,-72
42,-97.6
34,-84.6
