latitude,longitude
35.4,-91
33,-94.9
39,-83.8
30.7,-87
42,-97.6
42.2,-75
36,-96.1
36,-96.1
39.3,-76
34,-86.9
40.5,-96
42,-71.5
34,-93.1
34.5,-89
36,-89.4
36.1,-94
36.3,-96
36,-94
30,-80.5
35,-87.8
38.6,-91
34,-82.5
41.1,-75
36.5,-77
36,-96.1
42,-92.2
42,-92.2
42.6,-95
33.9,-89
33.9,-89
42,-92.2
42,-92.2
42,-92.2
36,-96.1
40,-75
34.5,-89
36,-96.1
38,-76
38.3,-90
38,-89.9
40.7,-90
30,-80.6
40,-80
41,-95.4
38,-86.8
36,-92.4
44,-102
42,-79.8
42,-79.8
34,-93.1
41.1,-75
36,-96.1
32,-80.8
37.8,-97
37.8,-97
43.8,-83
30.7,-87
38,-93.7
43.8,-83
40,-77.1
33.9,-89
40.7,-72
34,-82.5
43.8,-83
39,-76.6
34,-79.2
40.7,-72
36.7,-80
40.7,-90
40.7,-72
30,-80.6
31,-90.5
35.9,-80
45,-72.4
42,-92.2
42,-92.2
42.2,-71
36,-78.8
35,-92.8
36,-93.7
36,-93.7
34,-79.2
39,-94.3
38.7,-93
42,-79.8
