latitude,longitude
41.8,-88
42,-84.3
33.9,-89
33.9,-89
42,-87.9
37.4,-97
34.5,-89
35.5,-83
42,-84.3
38.2,-79
34,-79.2
34,-79.2
44,-96.7
43,-95.5
44,-103
37,-79.7
36.4,-83
43,-90.2
43.8,-83
43.3,-92
39,-74.8
39.4,-85
42,-84.5
45,-71.8
40,-80
41,-85.6
33.8,-91
37.5,-93
35.4,-91
45,-93.4
38,-92.1
38,-92.1
33,-82.4
41.1,-84
36.3,-92
31,-90.5
30.1,-91
37,-95.6
33,-82.4
36,-95.1
34,-81.9
41.8,-88
35.9,-96
30.1,-91
34.4,-90
34.5,-89
34,-100
33.9,-89
36,-98.8
36,-97.6
34,-82.5
33.4,-91
34.3,-83
38.6,-91
38.6,-91
36,-96.1
40.1,-94
35.5,-83
33,-94.6
34,-82.5
39.6,-93
33,-95
35.9,-87
37,-96.9
35.9,-86
34.5,-89
35.4,-91
41.7,-98
34.5,-89
33,-91.3
30.1,-91
30.1,-91
34,-100
32.8,-88
36,-97.2
41.8,-85
34.3,-87
40,-74.6
37,-91
42,-92.2
44,-99.9
41,-98
39.1,-97
41,-98.6
32.7,-96
38,-98
36,-98.8
36,-98.8
34,-82.5
35,-92.8
35,-92.8
40,-89.3
39.7,-89
31,-90.5
39.7,-89
32,-87
35,-79.7
34.4,-90
37.8,-97
30.1,-92
47,-92.1
45,-98.1
39.4,-85
34,-79.2
37.7,-92
38,-92.1
31.2,-84
45.5,-94
46,-94.6
41,-80.5
41.7,-98
36.4,-83
31.1,-92
37.2,-84
40,-77.1
36.6,-95
44,-103
33,-82.4
33,-82.4
32.7,-96
32.7,-96
31.2,-90
41,-88.2
35.3,-94
44,-103
38.8,-77
38,-92.1
38,-92.1
38.3,-90
42.4,-90
38.5,-95
39.8,-93
38,-92.1
38,-93.7
41.7,-98
44,-96.8
44,-98.2
37.8,-83
40,-75
41.8,-88
37.4,-88
44.4,-98
41,-89.4
38,-95.5
41.1,-90
40.3,-74
40.7,-90
46,-95.3
37,-88.4
43.1,-97
