latitude,longitude
31.6,-84
32.7,-96
39,-96.8
38.1,-98
35.5,-83
38,-92.1
38,-92.1
37.8,-99
41.7,-94
41.7,-98
34,-81.3
40.3,-97
38.5,-91
38.8,-96
36.4,-83
33,-80.8
34,-81.6
36,-83.1
41,-95
36.4,-83
36.1,-94
38.1,-98
38,-87
40,-91.5
32.7,-96
36,-96.1
35.7,-95
35.7,-95
41.7,-98
40,-76.6
43,-93.2
33,-87.1
33.8,-91
41.7,-98
40,-80
33.9,-89
43.3,-92
36,-93.7
36.4,-83
35.9,-96
36.1,-94
45.7,-93
37,-79.7
31.8,-90
36,-83.1
34.1,-98
34.1,-98
45.4,-99
45,-93
27,-80.2
43.8,-83
41,-98.6
42,-79.8
33.8,-79
42.2,-93
42,-89.1
44,-83
38,-92.1
38,-84.5
34.5,-89
36,-82.5
42,-74.1
34.5,-89
38.8,-77
43,-89
37,-78.6
39.4,-85
35.5,-76
41.8,-85
42,-97.8
41.7,-98
39.8,-98
44,-96.2
42,-79.8
42,-92.2
43,-88.8
42.6,-95
36,-96.1
41.7,-98
44,-103
44,-103
40.3,-83
37,-79.7
42,-71.5
43.8,-83
38,-86.1
42,-95.5
36.4,-83
38,-92.1
42,-91.9
39,-94.7
35,-99.5
36.1,-94
44.5,-73
42.3,-74
26,-80.4
33.1,-81
43.5,-76
26,-80.4
32.9,-80
34,-96.5
42.8,-83
45.2,-92
36.5,-77
34.2,-98
38,-89.9
34.5,-89
34,-84.5
38,-87
33,-80.8
35.1,-77
29.2,-81
45.4,-99
28,-82.5
40.7,-96
40,-74.6
45.3,-88