latitude,longitude
30,-98.4
41.1,-76
32.2,-86
33,-94.6
33,-94.6
37.8,-97
33.2,-98
40.3,-83
36.3,-97
42.3,-74
32.7,-96
41.7,-98
41.1,-84
36.8,-96
31,-92.3
33,-95
35.5,-83
35,-77.5
42.6,-98
26,-80.5
39,-93.8
39.8,-93
41.8,-88
43.3,-92
38.8,-77
43,-95
39.8,-93
41.7,-98
30.2,-96
37.8,-97
40.4,-76
34,-89.2
33.9,-89
32.7,-96
38,-86.1
39,-96.2
38.9,-78
38.9,-78
39.6,-85
36,-96.1
39.7,-89
34,-81.5
38,-92.1
45,-93
45,-93
42,-92.2
39.4,-85
42,-71.5
33,-94.6
37.7,-84
45,-93.4
34.5,-89
47.2,-95
33,-87.1
34,-79.2
41.1,-84
47.9,-98
38.4,-94
33.9,-89
39,-91.4
45,-98.5
30.1,-91
39,-83.8
37,-98.1
45.3,-88
45.3,-88
48.2,-97
37,-86.4
39.2,-80
35.6,-98
35.6,-98
39.3,-79
36.4,-83
39.7,-83
39,-90.1
43,-95
36,-96.9
35.1,-79
35,-79.7
43,-94.8
34,-79.2
41.7,-98
37.2,-85
41,-98
37.2,-85
33.8,-84
41,-83.8
40.8,-75
42.1,-93
42,-71.5
30,-93.4
35,-82.4
36.3,-88
39.1,-77
45.1,-93
32,-84.8
40,-89.2
42.6,-92
