latitude,longitude
30,-98.1
35,-92.8
30,-80.5
30,-80.6
40,-76.6
31,-92.3
28.5,-81
34.3,-87
49,-97.2
30,-80.5
40.2,-75
38.6,-78
31,-98.2
30,-80.5
45.3,-97
45,-72.4
41.8,-88
36,-93.7
38.5,-99
42.2,-71
42.2,-71
42.2,-71
42,-97.6
40.3,-92
42,-92
41,-83.8
42,-97.6
39,-83.8
34.5,-89
43.8,-83
33,-95.1
37,-78.6
36,-84.9
36.4,-83
37.2,-85
40.7,-90
38,-77.6
33,-81.3
39.5,-84
43.7,-98
40.7,-72
40.7,-72
40.7,-72
40.7,-72
41.3,-90
41.2,-90
42,-97.6
32.3,-90
34,-84.5
44,-95.2
31.6,-90
32.7,-96
37,-77.4
38,-85.7
38.6,-78
