latitude,longitude
30,-80.5
30,-80.5
37,-91.7
38,-95.4
30,-80.6
30,-80.5
39,-83.8
41,-92
37,-93
36,-93.7
36,-96.1
36,-96.1
45.3,-97
36.1,-94
43.8,-83
33,-94.6
30,-80.6
35.2,-87
36,-96.1
44,-90.5
37.8,-97
36,-92.4
36,-78.5
37,-83.4
35,-92.8
35,-92.8
36.4,-83
41,-93.6
33.9,-95
45,-71.8
35.9,-76
37.8,-97
37.8,-97
34,-81.1
40,-76.6
39,-83.8
36,-92.4
36,-89.4
31.6,-90
35,-77.5
37.8,-97
35,-92.8
35,-75.4
36,-96.1
36,-94
40,-76.6
32.7,-96
40.4,-95
36.8,-78
44.5,-72
37.2,-85
35,-92.8
36,-92.4
42,-92.2
42.6,-91
42.8,-71
36,-93.7
30,-80.5
41.5,-74
37,-91.7
42,-79.8
43,-88.8
42.8,-71
41.8,-88
43.8,-83
35.5,-79
43.8,-83
43.8,-83
39.8,-75
43,-88.8
34.5,-89
41.7,-95
41.7,-95
39,-81.2
41,-98.6
27,-79.6
42.2,-75
37.8,-97
32.7,-96
41,-76
33,-80
42,-79.8
40.3,-92
31.2,-90
31,-93.7
42.2,-75
42.2,-75
43.4,-93
41,-98
37.7,-79
42,-71.5
38.6,-78
39.6,-85
35,-77.5
